ags_state,target_end_date,1.0 %,2.5 %,5.0 %,10.0 %,15.0 %,20.0 %,25.0 %,30.0 %,35.0 %,40.0 %,45.0 %,50.0 %,55.0 %,60.0 %,65.0 %,70.0 %,75.0 %,80.0 %,85.0 %,90.0 %,95.0 %,97.5 %,99.0 %
1,2021-01-16,2089.0,2122.0,2220.0,2447.0,2565.0,2770.0,2794.0,2927.0,3045.0,3156.0,3267.0,3376.0,3482.0,3594.0,3703.0,3816.0,3941.0,4088.0,4243.0,4456.0,4655.18096963559,4871.96405396252,5041.15238716706
1,2021-01-23,1688.851191657,1841.0,2068.0,2172.0,2248.0,2318.0,2396.0,2471.0,2533.0,2597.0,2670.0,2720.0,2799.0,2875.2,2980.0,3104.6,3207.0,3241.0,3352.0,3446.0,3607.0,3736.0,4461.0
1,2021-01-30,1884.0,2178.0,2215.0,2434.0,2583.0,2667.0,2739.0,2821.0,2896.0,2966.0,3046.0,3127.0,3194.0,3276.0,3357.0,3469.0,3599.0,3725.0,3861.0,4143.5,4492.57325937392,4675.97560435196,5063.30656060724
1,2021-02-06,1571.06302653274,1637.56937684291,1717.0,1850.12782610084,2019.8,2171.8,2318.0,2417.0,2520.0,2611.0,2698.0,2744.0,2784.0,2816.0,2824.0,2868.0,2967.0,2992.0,3029.0,3176.0,3300.0,3312.0,3678.0
1,2021-02-13,1153.0,1175.0,1352.95,1413.8,1510.0,1539.0,1627.0,1645.0,1667.0,1695.6,1738.0,1785.0,1827.0,1877.4,1923.35,1985.0,2037.25,2086.2,2173.45,2302.5,2460.25,2763.0,2872.0
1,2021-02-20,1027.56736227286,1074.0,1095.0,1161.0,1283.0,1359.48775324278,1414.89362235451,1459.97065444312,1499.71162567295,1529.71591495534,1543.0,1561.0,1590.0,1610.0,1635.4,1721.3,1815.2,1882.61670692232,1966.48435595007,2076.70922881128,2282.91820335963,2420.73714457239,2679.05680274639
1,2021-02-27,992.94,1044.0,1066.0,1109.0,1144.0,1180.0,1207.0,1235.0,1262.0,1286.0,1321.0,1347.0,1373.0,1391.0,1407.0,1455.0,1506.0,1548.0,1602.0,1655.0,1711.0,1750.0,1811.0
1,2021-03-06,976.979999999911,1083.0,1102.0,1134.0,1160.0,1185.0,1244.0,1292.5,1343.7,1396.0,1441.0,1483.5,1536.5,1588.4,1634.1,1689.3,1745.8,1820.2,1902.8,1991.1,2107.0,2182.0,2216.0
1,2021-03-13,900.959999999909,1036.9,1071.0,1112.89999999993,1172.99999999994,1219.79999999994,1261.99999999996,1300.99999999997,1336.59999999999,1349.0,1366.0,1368.0,1390.0,1391.0,1400.0,1419.0,1425.0,1495.0,1550.0,1568.0,1663.0,1783.0,1939.0
1,2021-03-20,1019.0,1035.0,1131.0,1188.0,1282.0,1319.0,1354.0,1379.0,1408.0,1440.0,1468.0,1495.0,1527.0,1562.0,1597.0,1632.0,1673.0,1715.0,1754.0,1811.0,1928.0,1973.0,2922.18
1,2021-03-27,1139.9,1452.27311512879,1539.30240085617,1668.90668493919,1756.69175488813,1811.0,1848.0,1886.0,1926.0,1959.0,1995.0,2057.0,2152.4,2226.4,2304.7,2386.0,2483.04097072264,2538.0,2661.43413292015,2811.01953931025,2989.0,3210.0,3483.76374300973
1,2021-04-03,1509.73853716527,1624.30844582606,1732.54304800437,1835.0,1901.5,1948.0,1988.5,2021.56346954994,2079.5,2140.5,2197.4,2257.0,2318.4,2389.0,2436.5,2477.0,2517.5,2562.5,2618.0,2703.0,2921.0,3040.5,3344.12944610045
1,2021-04-10,1567.66348599252,1609.55907927128,1680.71619604461,1761.28279385977,1812.5,1844.0,1902.36923989638,1929.62756462328,1961.0,2001.5,2027.0,2052.55645680962,2069.3886510409,2099.05965557729,2140.14333992318,2167.22040819524,2206.125,2263.49836260513,2324.3,2439.2,2621.375,2773.65,2954.615
1,2021-04-17,1619.89766017585,1723.59696813736,1800.28747290105,1901.21422044365,1960.0,2026.0,2062.0,2105.0,2137.0,2168.0,2201.0,2231.0,2266.0,2303.0,2338.0,2382.0,2426.2,2509.2,2610.0,2767.5,2984.4,3186.3,3552.2
1,2021-04-24,1533.06215375092,1620.04722694418,1719.39420852413,1805.66992156386,1838.52070272591,1933.0,1996.0,2032.0,2075.0,2113.0,2144.0,2171.0,2201.0,2226.0,2264.0,2320.3,2392.5,2496.8,2590.0,2714.0,2879.3,3033.1,3336.2
1,2021-05-01,1588.19173458865,1684.66884298616,1773.12922890938,1841.0,1912.45433673846,1938.16313639739,1971.88865853062,2008.65500642996,2040.0,2096.0,2146.6,2190.0,2254.0,2309.4,2379.7,2457.3,2544.0,2634.0,2727.1,2879.0,3115.0,3306.1,3591.0
1,2021-05-08,938.630625826176,999.8,1093.0,1207.9,1288.2,1320.0,1347.0,1377.0,1398.0,1417.0,1483.0,1538.99999999996,1575.44999999996,1619.39999999998,1650.99999999998,1691.29999999999,1733.49999999999,1791.20000000001,1859.75000000002,1960.30000000003,2097.40000000006,2206.00000000007,2293.1400000001
1,2021-05-15,918.959999999905,981.0,1026.64999999992,1106.39632142203,1153.12593413692,1182.67825838349,1207.61303196654,1233.84071973537,1247.87807375249,1273.36695341516,1293.86887836122,1308.6450404845,1338.5,1377.4,1431.4,1485.3,1537.0,1560.0,1641.0,1740.0,1848.0,1964.0,2116.0
1,2021-05-22,536.745507454755,561.74649416058,598.793871971497,631.698284496632,659.809000631116,685.837787114974,723.5,748.0,760.0,776.458799140986,798.868044435533,822.917002470907,851.90775717643,868.915111384084,900.921099816244,936.238224619197,968.92750847431,1007.3558747197,1054.95734555527,1129.21029587441,1198.45694258851,1273.0,1347.0
1,2021-05-29,471.232016969172,526.0,562.252707937115,613.0,626.0,637.0,645.0,659.545231344072,673.6,699.6,726.0,749.0,778.5,810.4,841.4,853.0,873.0,893.0,903.0,935.0,983.0,1058.0,1134.0
1,2021-06-05,220.187610913031,239.65126529404,265.301203928661,304.0,346.0,352.0,359.0,367.0,373.0,380.0,386.0,400.005454667114,413.330906999466,430.636634735288,447.036593488581,471.153858084941,490.870617506967,521.337961890056,549.139716113913,582.995401668523,632.463874198071,658.0,688.0
1,2021-06-12,137.156542367349,164.45,182.95,194.197620662706,204.031682329175,216.793238145222,226.921258764071,237.334679023952,245.983177197159,252.590148904592,261.549987656843,268.568865919969,278.487590686027,294.381165297826,313.631377238382,332.181659793891,353.861066402817,370.890936052266,390.345439163762,414.17119346469,456.76736415298,506.471959234669,552.828849952318
1,2021-06-19,128.369854044112,135.966103568367,143.529287847498,153.128996229819,160.754217974884,167.71247645193,176.302916180914,183.608116202679,192.85276298903,202.351610905907,218.069155023494,230.610879463379,237.394508457138,246.069570242371,252.623182766289,261.260081974334,270.18399061999,283.343360949522,296.913040829801,312.328077448878,339.86207518615,361.423601801935,397.05
1,2021-06-26,41.6918023808284,50.0,63.0,71.5,74.0,75.5,77.5,79.5,82.3021945300225,84.8341751532652,87.418272188844,90.7394177437082,93.5,105.5,115.0,119.586039062574,124.411165229274,131.386291345728,139.205291340481,148.085281682912,165.163582331816,183.325198722659,208.071638774281
1,2021-07-03,27.4967403771281,33.0908047873539,44.0897243035082,48.0847435202973,51.6861347575993,55.0,57.5589109345634,60.5909037694583,63.5907866261778,65.6727357136835,70.057728297442,82.2010975722531,87.2129986039172,91.7606404395717,95.2906908174964,100.070124276877,104.786600281616,111.070059773593,117.947620334687,129.987933576879,144.602232350791,161.24880761898,170.259326152931
1,2021-07-10,39.3479143568479,52.3389678549302,55.3255974458838,61.3908564752018,65.8747525858731,69.8747524371058,74.3993553953883,77.8899611673667,82.3895136453118,86.4660046036484,91.4512428008773,100.0,104.423509269937,108.973160892456,114.21168061784,116.5,121.5,127.5,135.0,145.5,163.5,182.5,198.0
1,2021-07-17,74.0,83.0,84.0,92.0,98.0,101.0,108.28244801164,116.0,121.0,125.0,129.0,133.0,137.0,142.0,147.0,152.0,158.0,165.0,173.0,183.0,192.0,198.0,202.0
1,2021-07-24,178.0,257.0,267.0,290.0,317.0,332.0,343.0,359.0,370.081028266243,391.192784920777,413.118169508509,433.668335915621,456.282998382932,478.852370442219,495.0,504.0,512.0,525.0,536.0,569.0,603.0,628.0,689.0
1,2021-07-31,329.0,358.875,399.0,440.9,469.85,498.8,534.0,562.0,590.65,618.6,646.0,669.5,707.0,741.0,772.0,786.0,786.0,786.0,786.0,871.0,984.0,1059.0,1192.0
1,2021-08-07,642.0,656.0,677.0,716.0,755.0,795.0,829.0,857.0,894.0,925.0,963.0,999.0,1037.45,1066.0,1103.0,1143.0,1185.0,1228.0,1280.0,1347.0,1430.0,1474.0,1502.0
1,2021-08-14,1074.95214018838,1181.0,1207.0,1410.98140426962,1486.88546278839,1560.5002753807,1625.68846106948,1678.19465983357,1738.5865988644,1793.1848250549,1841.87657674054,1904.0,1922.0,1934.0,1941.0,1952.0,1999.0,2081.0,2160.0,2236.0,2396.0,2549.0,2683.0
1,2021-08-21,1010.62720842943,1129.0,1160.0,1249.0,1401.24348621127,1440.0,1534.13914081313,1587.00771574404,1642.0,1691.19006040308,1719.0,1756.0,1778.0,1803.0,1818.0,1916.0,1947.0,2205.0,2206.0,2231.0,2258.0,2387.0,2493.0
1,2021-08-28,980.0,1077.775,1156.0,1219.0,1261.0,1364.0,1368.0,1391.0,1399.0,1490.0,1515.0,1528.0,1541.0,1553.0,1571.0,1587.0,1603.0,1629.0,1655.0,1730.0,1796.0,1852.0,1890.0
1,2021-09-04,980.0,1042.0,1096.0,1161.0,1357.361594734,1418.0,1449.0,1472.0,1495.0,1514.0,1536.0,1553.0,1559.0,1565.0,1569.0,1576.0,1616.0,1673.0,1752.0,1802.0,1870.0,1948.0,2032.0
1,2021-09-11,1256.60481940301,1324.0,1344.0,1387.0,1426.0,1463.0,1492.0,1534.0,1568.0,1604.0,1646.0,1684.0,1694.0,1701.0,1709.0,1716.0,1724.0,1741.0,1787.0,1872.0,2137.0,2227.0,2257.0
1,2021-09-18,816.0,935.179474735321,979.18647718403,1013.0,1046.0,1070.0,1098.0,1124.0,1147.0,1170.0,1192.0,1213.0,1235.0,1257.0,1279.0,1303.0,1328.0,1357.0,1390.0,1432.0,1494.0,1548.0,1611.0
1,2021-09-25,650.0,723.0,738.0,777.0,811.088035726531,844.859318898372,876.188075893682,905.0,929.0,951.0,973.0,994.0,1015.0,1037.0,1059.0,1083.0,1108.0,1136.0,1169.0,1211.0,1272.0,1326.0,1388.0
1,2021-10-02,466.245813677835,500.304411854771,564.0,595.158519944304,630.304127487484,666.36440349808,698.033327506843,724.015119253425,750.353733379536,770.329191459785,794.968823196544,817.389250875277,841.411139417603,864.705495912788,881.0,900.0,924.0,955.0,975.0,1010.0,1173.0,1228.0,1292.0
1,2021-10-09,512.0,569.0,583.0,619.0,655.0,684.0,709.0,731.0,751.0,771.0,789.0,808.461637461711,840.36017124801,856.0,865.0,885.0,907.0,932.0,961.0,997.0,1050.0,1097.0,1151.0
1,2021-10-16,532.0,598.0,609.0,627.0,642.0,668.0,696.0,721.0,744.0,766.0,787.0,808.0,828.0,850.0,871.0,894.0,917.0,945.0,979.0,1020.0,1081.0,1141.0,1250.0
1,2021-10-23,600.0,641.0,673.0,739.0,757.0,785.0,799.0,810.0,826.0,848.0,869.0,889.599282019631,910.0,931.0,953.0,976.0,997.0,1020.0,1060.0,1082.0,1156.0,1213.0,1274.0
1,2021-10-30,1489.8430517448,1598.0624362793,1668.93380573446,1777.22568650809,1838.15846089701,1989.28725265869,2082.82318053106,2146.1675159516,2292.50399831112,2426.70433831123,2528.77987308433,2642.01925595089,2679.23784302913,2731.22760420768,2808.0,2891.0,2975.44010424147,3069.01268114632,3172.49740940757,3301.73985187874,3522.44185685158,3721.80471336983,3978.76114341699
1,2021-11-06,1630.00396023993,1743.33167090284,1905.99761748128,2039.02701842411,2123.16241959592,2223.08181993601,2307.73395088988,2391.03197247986,2451.60238587855,2528.23576628832,2623.89103746462,2691.47441392043,2765.36469464114,2835.30706787182,2924.08086922208,3023.83903826967,3158.92670139331,3260.32010533793,3442.31012941851,3668.61135844102,3972.21794309914,4525.0185018534,5054.06708942384
1,2021-11-13,1864.0,1929.0,1986.0,2051.0,2123.60488931021,2201.87043221392,2280.82924154546,2344.56519328012,2402.85132120388,2465.25899110737,2519.99053283617,2622.0,2731.0,2820.0,2981.0,3032.0,3071.0,3122.0,3188.0,3302.21354877301,3501.37280069112,3710.19578156133,3916.60698898488
1,2021-11-20,2527.5,2698.5,2810.95,2898.95,3016.25,3102.6,3191.675,3257.4,3323.4,3401.2,3445.8,3488.65,3549.3,3604.4,3649.5,3715.9,3784.575,3853.7,3997.575,4108.25,4323.425,4555.9125,4873.235
1,2021-11-27,3956.835,4030.475,4117.325,4279.15,4424.8,4514.95,4599.15,4672.7,4758.65,4843.95,4889.05,4961.8,5030.8,5078.25,5120.4,5204.2,5307.8,5381.95,5544.825,5698.0,5900.0,6134.05,6436.12
1,2021-12-04,3522.985,3693.575,3868.6,4111.35,4235.15,4323.0,4410.9,4454.95,4502.325,4548.0,4591.5,4635.25,4681.9,4723.5,4761.35,4834.2,4906.4,4991.6,5133.15,5266.5,5484.525,5654.225,5927.035
1,2021-12-11,3323.93,3421.9875,3522.0,3664.0,3783.7,3904.25,3994.2,4069.7,4151.5,4189.5,4235.5,4273.5,4314.0,4353.5,4402.0,4452.0,4510.625,4597.5,4690.575,4828.15,5047.725,5270.025,5499.115
2,2021-01-16,2204.0,2238.0,2281.0,2515.1,2848.85,2875.8,2898.0,2914.7,2936.0,2953.0,2975.55,2989.0,3009.0,3026.4,3087.0,3177.0,3273.0,3376.0,3495.0,3657.0,3871.0,4060.0,4304.0
2,2021-01-23,1439.98,1464.0,1604.0,1665.0,1749.4,1864.0,1954.5,2076.1,2174.0,2273.0,2375.6,2486.0,2577.8,2698.4,2797.0,2869.0,2939.0,3007.0,3079.0,3226.0,3354.0,3563.0,3724.0
2,2021-01-30,1260.0,1413.0,1478.0,1718.0,1781.0,1815.0,1867.0,1885.0,1948.0,1983.0,2014.0,2038.0,2073.0,2083.0,2094.0,2108.0,2125.25,2236.0,2275.0,2397.0,2598.0,2758.0,3402.0
2,2021-02-06,1155.0,1230.0,1380.0,1524.0,1621.0,1652.0,1658.0,1683.0,1701.0,1725.0,1747.0,1764.0,1778.45,1842.0,1856.0,1911.0,1927.0,1966.0,1997.0,2051.0,2103.0,2307.0,3098.0
2,2021-02-13,842.0,977.0,1036.0,1066.80000000002,1082.85000000002,1106.0,1154.0,1197.0,1236.0,1268.0,1289.0,1329.0,1356.0,1388.0,1418.0,1450.0,1493.0,1531.0,1573.0,1637.0,1708.0,1748.0,1773.0
2,2021-02-20,747.0,813.0,845.9,909.0,949.9,1000.0,1040.0,1077.0,1112.0,1147.0,1182.0,1215.0,1250.0,1282.0,1310.0,1339.0,1363.0,1399.0,1428.10213965495,1455.69529721764,1580.0,1645.0,1686.0
2,2021-02-27,763.0,773.0,787.0,824.0,870.0,924.0,1024.0,1123.0,1148.0,1171.0,1199.0,1230.0,1261.0,1264.0,1289.0,1300.0,1363.0,1377.0,1439.0,1484.0,1586.0,1626.0,1660.0
2,2021-03-06,889.0,994.9,1099.0,1134.0,1174.0,1247.0,1310.0,1353.0,1419.0,1451.0,1487.0,1557.0,1634.0,1666.0,1731.0,1758.0,1774.0,1787.0,1801.0,1826.0,1909.0,1965.0,2000.0
2,2021-03-13,1199.0,1289.0,1310.0,1406.0,1497.0,1569.0,1611.0,1624.0,1649.0,1664.0,1677.0,1683.0,1685.0,1704.0,1751.0,1754.0,1816.0,1872.0,1888.15,1953.0,2033.0,2085.0,2130.0
2,2021-03-20,1493.0,1518.0,1556.0,1613.0,1664.0,1706.0,1749.0,1790.0,1834.0,1887.0,1931.0,1957.0,1999.8,2073.0,2125.0,2135.0,2150.25,2210.0,2317.0,2343.0,2463.0,2572.0,2676.0
2,2021-03-27,1299.0,1383.0,1560.0,1731.0,1954.6,2070.8,2199.8,2286.7,2349.9,2433.0,2484.7,2555.5,2570.0,2579.4,2609.0,2757.0,2935.0,3070.0,3162.0,3259.0,3417.0,3483.0,3680.0
2,2021-04-03,1897.45,2037.35,2385.9,2546.2,2657.0,2803.6,2895.5,2974.55,3058.95,3160.7,3271.8,3361.0,3418.0,3489.2,3573.0,3648.5,3739.0,3843.5,3978.50192433177,4127.60273186114,4347.36285059881,4552.67097794638,4815.98620986473
2,2021-04-10,2477.0,2513.5,2565.5,2721.45,2821.5,2906.0,2981.0,3098.5,3171.5,3243.5,3316.0,3404.5,3450.0,3518.5,3616.5,3704.5,3772.5,3876.0,3949.03733422305,4107.85640235007,4293.3455979445,4470.11987837279,4967.46432846883
2,2021-04-17,1910.52436487954,1999.40238785061,2071.38106842578,2207.0,2340.0,2460.0,2570.0,2622.0,2639.0,2718.0,2836.0,2847.0,2857.0,2867.4,2882.35,2892.3,2964.2,3105.0,3231.3,3399.3,3680.0,3888.6,4209.2
2,2021-04-24,1885.0,1951.0,2077.0,2194.0,2300.0,2397.0,2495.0,2624.0,2713.65,2730.0,2740.0,2752.0,2766.0,2852.0,2891.0,2987.0,3036.0,3042.0,3124.0,3141.0,3260.1,3388.0,3839.0
2,2021-05-01,1606.0,1649.0,1703.0,1811.0,1868.09463648462,1899.61764575079,1930.25517722858,1950.44407080355,1991.0,2050.0,2058.55,2112.0,2195.0,2284.8,2382.1,2478.3,2574.2,2669.0,2842.2,3047.2,3178.0,3359.0,3539.0
2,2021-05-08,1236.0,1257.0,1316.0,1401.0,1496.0,1554.0,1590.0,1655.0,1720.0,1757.6,1818.0,1867.0,1930.0,1986.0,2037.4,2107.0,2183.8,2262.2,2373.2,2514.4,2674.0,2750.0,2802.0
2,2021-05-15,1058.0,1188.0,1262.30216927137,1297.95081638619,1320.40082944811,1337.91677370522,1357.65304892449,1371.83849673834,1387.62751691376,1415.0,1433.0,1444.0,1479.5,1547.8,1598.0,1651.3,1719.3,1794.4,1924.2,2028.0,2156.0,2219.0,2269.0
2,2021-05-22,608.0,642.976079439103,659.952605077776,680.599730854539,689.85,698.0,706.0,719.59985732176,742.6,777.6,820.0,850.0,882.0,915.0,948.0,980.0,1015.0,1053.0,1095.0,1153.0,1196.0,1264.0,1288.0
2,2021-05-29,376.0,384.0,435.0,451.0,480.0,513.0,530.0,546.671050146249,553.828333891811,573.6,606.1,627.0,640.0,642.0,663.0,675.0,697.0,714.0,726.0,738.0,789.0,800.0,809.0
2,2021-06-05,242.0,251.0,288.0,316.211675547484,324.165351810881,330.240391242184,337.645787256855,349.7,363.750243594512,367.058876709867,371.455875981587,376.2446870696,380.467547756302,385.038685613041,394.0,404.0,421.0,440.0,456.0,484.0,512.0,525.0,540.0
2,2021-06-12,200.5,221.0,237.0,252.9548040027,262.569098482817,270.591351198147,278.178040297564,285.111290917792,293.159279080021,300.34675696677,309.864538785071,326.324953721959,343.832514733231,361.74699236003,375.7311332481,384.004085652358,399.367636382524,419.810407299677,441.432879053875,464.770201226597,482.404247246131,502.989112303963,520.542157798095
2,2021-06-19,170.085447086158,177.97034603214,183.858791791529,190.484364153541,195.999428222197,200.361842888262,206.208977500208,211.244279661756,215.697907602497,226.382882149635,243.836382845927,260.560728749268,268.5,273.5,278.5,284.5,295.65,308.1,328.0,350.05,390.0,433.05,478.5
2,2021-06-26,91.0,114.0,134.0,147.5,151.5,155.5,159.0,162.0,164.5,167.5,170.5,180.5,191.5,194.5,200.0,208.5,220.5,229.0,246.1,261.049121774619,277.210042090892,286.361502258157,298.795728970496
2,2021-07-03,74.000728803885,85.0,103.5,125.0,131.5,135.0,138.0,141.0,144.0,146.5,153.5,167.967502152839,171.355683474704,173.543573208266,177.25453943033,181.637146555897,187.629990979716,194.264995480139,201.825706593704,212.330063875141,223.980027455852,233.300597194086,254.012242173059
2,2021-07-10,80.0,96.5,111.0,120.5,127.5,131.0,133.5,136.5,139.0,145.5,151.5,157.5,179.5,193.158952628343,205.1572405807,214.259661050959,223.196034169002,232.687248235297,240.319558263554,248.314008882024,261.154278378909,273.164800701031,292.978494965261
2,2021-07-17,141.0,143.0,147.0,152.0,158.0,164.0,169.0,175.0,181.0,187.0,192.0,219.0,228.0,231.0,234.0,238.0,241.0,245.0,250.0,263.0,276.0,287.0,311.0
2,2021-07-24,226.0,229.0,234.0,246.0,256.0,264.0,272.0,290.0,306.0,324.0,329.0,356.0,359.0,363.0,367.0,387.0,419.0,449.103675031681,465.175305094866,486.46859649347,516.719664305294,551.172915342454,570.60146692768
2,2021-07-31,514.0,521.0,539.0,565.0,594.0,621.0,640.0,658.0,678.0,697.0,717.0,721.0,721.0,721.0,776.0,783.0,791.0,801.0,806.0,926.0,1030.00982842134,1074.10749399532,1103.0
2,2021-08-07,706.0,720.0,744.0,782.0,818.0,846.0,870.78849108761,885.742233061069,899.510402129128,910.17461772193,921.557636805591,931.474223456464,943.201282127371,958.13906262911,970.778565377067,981.194381154654,992.64120268853,1036.0,1107.0,1213.0,1352.0,1431.0,1453.0
2,2021-08-14,1156.0,1183.0,1215.0,1468.0,1488.0,1520.0,1552.0,1553.0,1573.0,1588.0,1616.0,1673.0,1727.0,1755.0,1784.0,1824.0,1879.0,1915.0,1983.0,2035.19155842309,2123.0,2177.0,2229.99694096867
2,2021-08-21,1620.0,1642.0,1682.0,1777.0,1845.0,1908.0,2008.0,2131.0,2239.0,2265.79174830201,2286.46683645277,2307.5396752731,2330.0,2399.0,2464.0,2532.0,2623.0,2728.0,2812.0,2945.0,3071.0,3157.0,3234.0
2,2021-08-28,870.0,946.0,1012.0,1087.0,1137.0,1178.0,1212.0,1243.0,1272.0,1300.0,1326.0,1372.0,1453.0,1521.0,1537.0,1573.0,1651.0,1692.55291115654,1713.16495816007,1740.04993541637,1781.86434657031,1807.5398481141,1834.0
2,2021-09-04,1222.0,1301.0,1370.0,1448.0,1501.0,1543.0,1580.0,1612.0,1642.0,1715.0,1763.0,1837.0,1931.0,2014.0,2077.73408846165,2095.82929902856,2116.81502395461,2137.04022426062,2170.0,2268.0,2607.0,2971.0,3140.0
2,2021-09-11,1048.0,1080.0,1153.0,1308.0,1577.0,1606.0,1633.0,1657.0,1682.0,1710.0,1731.0,1792.0,1863.0,1888.0,1914.0,1939.0,1961.25,1996.2,2028.0,2072.1,2128.0,2213.0,2334.0
2,2021-09-18,1000.0,1049.0,1117.0,1370.0,1474.0,1487.8,1499.75,1508.0,1517.0,1525.0,1565.0,1635.0,1676.0,1689.0,1708.0,1724.0,1745.0,1764.0,1792.0,1818.0,1888.0,1949.0,2020.0
2,2021-09-25,752.0,770.0,805.0,883.0,936.0,978.0,1014.0,1046.0,1128.0,1171.0,1177.0,1206.0,1213.0,1221.0,1242.0,1272.0,1304.0,1340.0,1382.0,1435.0,1513.0,1581.0,1660.0
2,2021-10-02,659.0,791.0,923.0,959.0,983.0,1003.0,1016.0,1034.0,1051.0,1073.0,1101.0,1127.0,1154.0,1181.0,1202.0,1209.0,1240.0,1299.0,1348.0,1400.0,1478.0,1545.0,1612.0
2,2021-10-09,707.0,823.0,910.0,959.0,1006.0,1035.0,1043.0,1068.0,1097.0,1110.0,1139.0,1166.0,1198.0,1223.0,1263.0,1307.0,1370.0,1430.0,1529.0,1601.2,1635.05,1689.0,1857.0
2,2021-10-16,786.0,799.0,818.0,839.0,875.0,924.0,963.0,989.0,1009.0,1038.0,1065.0,1092.0,1119.0,1146.0,1175.0,1205.0,1237.0,1273.0,1315.0,1367.0,1445.0,1513.0,1591.0
2,2021-10-23,823.0,961.0,1009.0,1119.0,1139.0,1179.0,1199.0,1203.0,1226.0,1241.0,1265.0,1290.0,1310.0,1369.0,1389.0,1397.3,1410.0,1427.0,1477.0,1553.0,1638.0,1677.0,1742.0
2,2021-10-30,2254.46,2321.4375,2381.975,2449.0,2491.0,2523.4,2553.0,2579.0,2603.825,2628.5,2649.0,2672.75,2695.0,2718.0,2743.0,2769.65,2796.5,2825.5,3075.075,3135.0,3219.025,3298.025,3401.5
2,2021-11-06,2208.88197348763,2259.18888927628,2301.46570413741,2355.57535823314,2394.13700221399,2423.26660081922,2477.17069364805,2547.62551210067,2603.04547804849,2674.6956443784,2709.62659630931,2773.39095655791,2790.46413717309,2808.8365732514,2829.24936477072,2843.97196235004,2860.84452471972,2906.60631184544,2930.25606588425,2968.5,3060.0,3139.5,3238.0
2,2021-11-13,2500.0,2575.0,2640.0,2827.0,2969.0,3026.0,3062.0,3102.0,3137.0,3213.0,3366.0,3492.0,3669.0,3721.63497145162,3755.55921327441,3780.20257175184,3806.35965904056,3847.42974401925,3905.58997118637,3974.48829857421,4051.79966973178,4112.10184329721,4167.85225118637
2,2021-11-20,3318.0,3404.5,3481.0,3570.5,3625.33050717347,3666.61325102602,3700.05316371392,3730.78810832834,3759.49957400889,3787.9320240138,3810.86380067768,3836.39363028471,3865.31048579946,3893.3767789815,3921.8606115892,3952.18781868938,3983.21890721155,4014.25025156157,4053.38920973755,4104.34914378095,4173.81820639377,4239.11515156023,4362.71186437408
2,2021-11-27,3974.5,4097.5,4197.0,4312.0,4393.0,4448.0,4492.5,4542.5,4577.5,4610.0,4649.0,4695.0,4728.5,4759.0,4785.5,4815.5,4845.5,4877.2,4920.0,4967.5,5045.025,5121.0125,5194.05
2,2021-12-04,4930.14,5067.4,5186.45,5322.45,5405.65,5470.75,5545.9,5577.95,5624.85,5653.55,5677.9,5711.65,5750.375,5777.25,5799.05,5833.25,5867.25,5906.4,5988.15,6051.75,6161.975,6305.6625,6482.8
2,2021-12-11,3957.0,4078.0,4171.0,4275.0,4354.5,4408.0,4465.0,4512.5,4554.0,4599.5,4636.5,4676.5,4713.5,4742.7,4772.0,4798.8,4825.5,4861.1,4897.575,4950.55,5031.35,5194.4125,5384.715
3,2021-01-16,6867.0,7264.0,7600.1,8565.0,8694.0,8880.0,9114.0,9310.0,9713.0,9902.0,10195.0,10267.0,10547.0,10696.0,11117.0,11192.0,11328.0,11746.0,12288.0,12833.0,13536.0,14122.0,14469.0
3,2021-01-23,5811.5521169758,6197.0,6594.0,7030.0,7306.0,7550.0,7724.0,7892.0,8070.0,8228.0,8409.0,8591.0,8783.0,8967.0,9140.0,9370.0,9623.0,9828.0,10089.0,10434.0,10832.0,11037.0,11200.0
3,2021-01-30,6056.92335551335,6220.0,6429.46342412046,6643.50082821502,6835.86012025198,6987.54227384467,7175.0,7335.0,7467.0,7655.0,7824.0,7984.0,8147.0,8319.0,8470.0,8638.0,8840.0,9037.0,9238.0,9505.0,9883.0,10206.0,10591.0
3,2021-02-06,5139.0,5392.0,5759.0,6157.0,6365.42372223972,6493.79524752433,6635.53689276023,6756.0,6831.0,6942.0,7015.0,7101.0,7270.0,7490.89760642935,7595.75315387363,7727.4757984039,7875.89118616116,8038.76691224455,8239.74122573159,8481.86370530238,8940.34402042847,9496.1,9867.6
3,2021-02-13,4546.19180605711,4770.60488201211,5014.26483734253,5274.35648630669,5431.19469634147,5557.97371841162,5679.59057335418,5783.86434892704,5902.55841551353,6009.06549338324,6127.41448561424,6240.66896209135,6370.85111031046,6486.30169869131,6603.61003792541,6742.6,6949.0,7180.0,7595.8,8025.2,8741.0,8975.0,9299.0
3,2021-02-20,3199.0,3506.0,3795.0,3957.0,4101.0,4207.0,4298.0,4399.0,4505.0,4601.0,4861.0,5209.0,5320.0,5430.0,5544.0,5664.0,5789.0,5931.0,6385.8,6675.4,7213.67945433164,7655.83714506676,7859.0
3,2021-02-27,3655.0,3878.0,4021.0,4284.0,4375.0,4534.0,4654.0,4762.0,4851.0,4946.0,5115.0,5183.0,5255.0,5394.0,5544.0,5663.0,5856.0,6080.0,6248.0,6474.0,6802.0,7054.0,7887.0
3,2021-03-06,3992.9,4382.0,4621.0,4856.0,4974.0,5347.0,5623.0,5765.56847422997,5891.2193722135,6006.08108255901,6132.43762982613,6249.78421443951,6362.65180743642,6465.29750279183,6607.12811078239,6745.27276592114,6892.13660983119,7115.61243073806,7338.91101336887,7607.68874006783,8056.97186141591,8308.11499120051,8672.9768049709
3,2021-03-13,4224.0,4273.0,4330.0,4911.0,4980.0,5037.0,5072.0,5216.0,5569.0,5603.0,5672.0,5990.0,6111.0,6235.0,6358.0,6510.0,6750.0,6978.0,7100.0,7306.0,7620.0,7817.0,8002.0
3,2021-03-20,3779.7,4322.2,4512.0,5052.2,5359.0,5391.0,5533.0,5911.0,6067.0,6176.0,6407.0,6485.0,6797.0,7088.0,7327.0,7530.0,7929.5,8173.4,8471.5,8793.1,9357.7,9977.1,10353.1
3,2021-03-27,5692.8,6022.8,6868.0,7494.0,7746.0,7986.0,8150.0,8366.0,8575.0,8792.4,9010.5,9288.5,9554.0,9595.0,9825.0,10112.0,10502.0,10892.0,11379.3,12032.4,12719.0,13250.0,14055.7820109504
3,2021-04-03,7893.14729960153,8536.1,8841.1,9317.5,9745.0,10008.3,10304.25,10608.05,10809.7077276302,11019.4920850374,11511.7927246728,11728.06496734,11858.0689409659,12145.6013115601,12440.6865024649,12823.0967563475,13008.0274599464,13203.921625463,13599.0796986704,14148.9857850647,14906.4282156793,16055.2937959679,16878.7916753168
3,2021-04-10,6044.51311751862,6398.02630864078,6633.09925182921,6959.30326343229,7189.65380973697,7554.92634568933,7921.70678273307,8216.11230315694,8409.48655273578,8630.60340150401,8850.49345326562,8989.22748432259,9155.41444235176,9313.46084833853,9459.10896795179,9646.56912897434,9864.24028482073,10067.0131542936,10339.5276223943,10644.2530853189,11087.3448967309,11388.5150520157,11800.65
3,2021-04-17,6432.0,6670.0,6827.0,7174.9598828467,7483.8458962315,7766.10380501417,8046.58650682335,8280.91382732217,8488.61304321884,8696.31225911552,8888.03461225091,9077.98175841283,9235.97517905218,9425.9223252141,9640.72236900468,9887.47613831782,10173.2844610474,10453.7671628566,10805.2581436048,11241.9590590799,12026.6005413562,12740.2337446935,13647.3645081397
3,2021-04-24,8727.0,8846.0,9047.0,9318.0,9496.0,9726.0,9909.0,10116.0,10331.0,10530.0,10751.0,10944.0,11429.0,11992.0,13073.5318192137,13282.8755234766,13552.1511288608,13859.9338357904,14231.1485005302,14622.651870212,15510.7,16673.8,18118.0
3,2021-05-01,7170.3250123462,7487.0716763098,7773.00640798122,8132.88977715388,8373.22284903288,8567.95426111945,8806.0,9031.9,9492.0,9805.0,10342.0,10429.0,10750.3939189536,10950.9508928632,11096.3020946861,11276.1037688851,11478.1323813849,11712.5043519179,12001.0,12279.0,13046.0,13511.1,14296.8594636257
3,2021-05-08,5961.75857673965,6315.74763275286,6585.29893228586,6908.97699879335,7121.84951749175,7315.40802243158,7464.92122465968,7657.0,7896.2,8150.8,8374.8,8597.5,8890.0,9104.2,9379.4,9576.0,9729.0,9824.0,10025.0,10208.0,10288.0,10622.0,10868.0
3,2021-05-15,4321.81717930613,4542.44840973781,4716.0,4920.0,5072.0,5195.0,5379.21277996759,5462.56235590844,5576.0,5692.0,6172.5,6320.0,6521.4,6678.8,6866.0,7072.9,7378.0,7600.15530532813,7765.35351961798,8054.0,8313.0,8560.0,8992.0
3,2021-05-22,2764.74325791131,2870.57971596145,2997.0,3158.88784508243,3272.40255880042,3354.15031372853,3435.28318760766,3518.25434581077,3589.5328008962,3647.90008837534,3713.16090294219,3794.0,3876.0,3959.15681256269,4044.899757799,4146.0,4271.56085321628,4376.67216015818,4542.08633190784,4726.22870920776,5103.90926279132,5430.85176489386,5683.74760143422
3,2021-05-29,2285.0,2307.0,2349.0,2459.7,2560.6,2659.0,2753.2,2843.0,2927.7,2985.6,3059.2,3124.5,3203.4,3272.4,3353.7,3433.0,3524.0,3634.2,3778.5,3974.9,4262.4,4495.0,4779.8
3,2021-06-05,1074.0,1266.0,1353.84987136902,1430.25456583288,1472.11086702959,1518.49269007707,1561.39466196759,1604.77381612572,1637.49837280606,1680.51477977891,1735.3912512663,1772.63833874071,1813.56085955923,1854.98483997965,1890.0,1918.0,1993.8,2064.6,2144.63692017451,2252.51811912581,2426.6,2579.0,2738.95161373868
3,2021-06-12,668.442022694045,715.848580540881,766.827378037894,841.429007881258,887.181543699224,927.396880601027,966.608355958241,1002.68657949151,1032.31436430587,1064.83885075039,1094.84125520503,1126.82950070309,1164.21510214128,1208.14209425322,1277.44926054145,1350.55601958671,1435.18908919902,1513.3244955511,1564.10305931574,1657.03370609501,1755.88540317822,1862.5741024294,1948.9413901632
3,2021-06-19,392.79227385526,410.527112260294,444.402355654875,471.020606783206,488.447961638724,504.928532039439,521.598617836239,535.259849523074,550.276719774677,564.121828292829,579.53464503091,593.129753549062,617.370799027262,671.028022742462,697.5,711.5,731.0,754.1,779.0,808.55,880.0,949.1,1051.5
3,2021-06-26,166.5,176.5,187.5,200.5,211.0,219.5,227.0,235.0,240.5,247.5,254.5,274.0,321.0,327.0,338.0,347.5,359.607975502985,367.964070945089,387.698083921171,407.872592485792,451.245866540891,492.61770479859,551.465844223551
3,2021-07-03,92.957126430092,101.637040465122,113.95,128.0,136.5,145.0,153.0,162.79270697974,172.78676747481,183.428876446539,194.128342425365,204.094431143647,218.5,241.5,253.5,267.0,280.0,295.0,315.5,335.525018366522,379.0,419.0,466.5
3,2021-07-10,163.306223986852,178.472833289382,190.639625679849,209.894547889458,222.946481409315,238.164805256195,250.27716129355,259.0,267.5,276.5,284.5,292.5,317.0,338.5,350.5,361.5,373.5,392.0,408.0,450.5,526.5,601.480153742088,671.681070660933
3,2021-07-17,278.49915211191,305.919443176275,347.534053287765,401.981525674829,446.742165850587,481.171799110929,507.973619460714,529.716004877783,556.0,567.0,576.0,588.0,604.0,614.0,624.0,710.0,787.245008956583,832.659606702126,885.118425853769,972.939370149733,1068.06083732706,1124.0,1162.0
3,2021-07-24,933.0,1004.0,1071.0,1139.0,1184.0,1223.0,1257.0,1281.0,1311.0,1334.0,1366.0,1387.0,1410.0,1456.59296457407,1513.11632318682,1572.2825440432,1645.47204344693,1713.19369784383,1802.53243623546,1939.39660864375,2124.94039887277,2299.0,2558.0
3,2021-07-31,1243.0,1290.0,1343.0,1420.0,1485.0,1542.0,1606.0,1693.0,1756.0,1812.0,1878.0,1957.0,2034.0,2116.0,2192.0,2283.0,2373.0,2471.0,2600.0,2757.0,3107.25,3321.0,3347.0
3,2021-08-07,909.0,929.0,996.85,1092.3,1179.25,1251.0,1310.0,1331.0,1367.0,1387.0,1413.0,1469.0,1518.0,1571.0,1601.0,1622.0,1673.0,1754.0,1853.0,1948.0,2061.0,2182.0,2660.0
3,2021-08-14,927.0,1012.925,1101.0,1232.0,1300.0,1354.0,1391.0,1448.0,1489.0,1538.0,1582.0,1636.0,1687.0,1743.0,1806.0,1869.0,1964.0,2045.0,2135.0,2225.0,2372.0,2458.0,2502.0
3,2021-08-21,1712.93,1818.0,1860.0,1961.0,2063.0,2161.0,2249.0,2361.0,2421.0,2462.0,2496.0,2664.0,2827.0,3028.0,3153.0,3256.0,3399.0,3533.0,3750.0,4096.0,4363.0,4414.0,4721.0
3,2021-08-28,3356.95,3650.95,3876.0,4090.0,4316.0,4465.0,4612.0,4805.7,4947.95,5071.8,5228.75,5387.5,5540.45,5705.0,5827.35,5986.9,6157.0,6329.2,6597.25,6877.8,7241.0,7551.0,8071.0
3,2021-09-04,4855.0,4966.0,5077.0,5358.0,5585.0,5844.0,5974.0,6214.0,6474.0,6642.0,6777.0,6955.0,6987.0,7044.0,7221.0,7425.0,7697.0,7956.0,8239.0,8543.0,9079.0,9412.0,10346.0
3,2021-09-11,5532.94,5710.0,5858.0,6147.0,6443.0,6664.0,6861.0,7068.0,7283.0,7487.0,7737.0,8001.0,8206.0,8421.8,8631.05,8890.6,9112.5,9346.8,9685.05,10017.3,10568.05,11077.375,11841.0
3,2021-09-18,4944.81,5031.0,5152.0,5634.0,5915.0,6141.8,6301.0,6481.1,6629.0,6792.0,6918.55,7046.5,7201.25,7363.8,7504.0,7605.0,7760.0,7915.0,8191.0,8491.0,8853.0,9121.0,9597.0
3,2021-09-25,2980.0,3232.0,3425.0,3607.0,3733.0,3932.69614403603,4021.65270329291,4115.60917201812,4204.03022752116,4294.79310417985,4395.81579821773,4474.22545565679,4557.17388311087,4639.23199897491,4739.990137886,4829.51602038765,4953.41930037194,5113.74201265154,5271.32914924129,5457.0,5706.0,5923.0,6177.0
3,2021-10-02,2305.0,2515.0,2665.0,2804.0,2938.0,3074.0,3190.0,3295.0,3392.0,3484.0,3573.0,3660.0,3748.0,3837.0,3929.0,4026.0,4130.0,4247.0,4382.0,4553.0,4806.0,5026.0,5281.0
3,2021-10-09,2466.0,2495.0,2542.0,2809.0,2979.0,3119.0,3265.0,3320.0,3381.0,3435.0,3491.0,3540.0,3590.0,3656.0,3747.0,3842.0,3945.0,4060.0,4194.0,4362.0,4612.0,4828.0,5079.0
3,2021-10-16,2339.0,2618.0,2666.0,2766.0,2850.0,2952.0,3068.0,3172.0,3268.0,3360.0,3448.0,3535.0,3622.0,3711.0,3802.0,3899.0,4003.0,4119.0,4300.98045116343,4562.32875073771,4903.64817673926,5242.43754734107,5577.99336847026
3,2021-10-23,3394.69252682261,3576.69293933026,3733.0,3837.0,3933.0,4033.0,4135.0,4238.0,4338.0,4433.0,4518.0,4584.0,4638.0,4701.0,4780.0,4848.0,4950.0,5056.0,5156.0,5300.0,5568.0,5820.0,5920.0
3,2021-10-30,4082.5,4323.0,4540.0,5001.0,5415.5,5621.60952964901,5770.92324401313,5889.24013855923,6033.90243695197,6139.10256741284,6262.00813995978,6392.35926689729,6531.09373455512,6665.0,6790.0,6916.5,7095.5,7274.5,7443.5,7699.5,8030.0,8220.0,8869.5
3,2021-11-06,4916.29240423792,5277.44595599547,5988.0430043,6435.88544431812,6748.73589505127,6953.41172587422,7167.64733588251,7431.48909207468,7718.94925425103,8019.46267645958,8303.29103285432,8514.71669525318,8647.25138658895,8851.03668947553,9178.02260846808,9722.09855694767,10065.4030237984,10252.7776258456,10716.8849263023,11100.5658633266,11713.6608570991,12211.4644874365,12905.6275926494
3,2021-11-13,7263.0,7407.0,7841.0,8307.0,9374.0,9770.0,10003.0,10115.0,10342.0,10633.0,10900.0,11204.0,11404.0,11558.0,11871.0,12248.0,12694.0,13108.122251703,13507.3084976339,14497.0,15457.0,15898.0,16282.0
3,2021-11-20,10242.5,10799.0,11246.5,11664.55,11918.55,12122.0,12275.25,12430.7,12632.25,12787.3,12918.1,13044.2,13258.325,13426.6,13588.325,13791.75,13992.9,14205.3,14595.4,14920.75,15428.95,16067.9375,16830.98
3,2021-11-27,14008.09,14450.225,14875.5,15320.15,15747.0,16004.15,16282.075,16460.8,16685.2,16977.45,17132.925,17322.2,17565.1,17727.1,17848.95,18067.5,18316.075,18524.0,18977.95,19327.4,19960.425,20771.675,21773.045
3,2021-12-04,17845.55,18480.45,18969.65,19550.25,19918.5,20125.0,20359.0,20529.5,20737.0,20940.85,21088.25,21298.0,21526.5,21690.45,21849.0,22063.45,22297.15,22537.55,22971.625,23385.05,24065.3,24759.125,25748.975
3,2021-12-11,14919.83,15261.0875,15543.75,15912.1,16182.425,16397.9,16604.0,16759.8,16927.15,17070.3,17207.5,17354.5,17492.575,17660.4,17828.375,17972.95,18154.625,18341.2,18679.275,19134.95,19882.125,20805.1375,21709.91
4,2021-01-16,245.0,291.0,339.0,382.0,399.0,424.0,444.0,462.0,524.0,535.0,560.0,584.0,601.0,619.0,640.0,660.0,682.0,729.0,743.0,769.0,822.0,870.0,924.0
4,2021-01-23,351.0,358.0,373.0,402.0,420.0,434.0,447.0,458.0,469.0,480.0,491.0,502.0,516.0,549.4,591.0,639.0,670.0,695.0,697.0,702.0,737.0,801.0,834.0
4,2021-01-30,303.0,327.0,349.0,373.0,388.0,401.0,411.0,420.0,430.0,443.0,454.0,468.0,493.8,529.8,581.0,602.0,627.0,648.0,659.0,669.0,693.0,749.05,779.07
4,2021-02-06,356.0,361.0,375.0,395.0,408.0,420.0,429.0,443.0,457.0,470.0,484.0,500.0,513.0,527.0,545.0,563.0,610.5,675.6,751.2,800.0,833.0,882.0,922.0
4,2021-02-13,365.0,374.0,385.0,402.0,418.0,434.0,448.0,466.0,484.0,509.0,533.0,561.5,569.0,579.0,588.0,607.0,623.0,645.0,673.0,708.0,747.0,770.0,790.0
4,2021-02-20,238.989999999951,252.999999999976,263.949999999972,282.0,291.0,326.0,366.0,379.0,394.0,409.0,425.0,442.0,456.0,471.0,488.0,509.0,527.0,541.0,548.0,558.0,574.0,578.0,582.0
4,2021-02-27,292.0,313.0,330.0,349.0,364.0,374.0,383.0,392.0,413.0,427.0,435.0,448.0,458.0,492.8,532.4,585.3,627.0,683.0,710.0,744.0,786.0,820.0,837.0
4,2021-03-06,445.0,449.0,458.0,479.0,500.0,520.0,534.0,549.0,564.0,584.0,601.0,619.0,636.0,654.0,676.0,695.0,720.0,748.0,777.0,811.0,848.0,872.0,892.0
4,2021-03-13,358.376019885057,370.0,377.0,397.0,413.0,426.516591320848,438.0,449.0,463.0,474.0,491.0,504.0,517.0,531.0,546.0,560.0,576.0,593.0,602.0,623.0,671.0,687.0,696.0
4,2021-03-20,336.0,367.0,379.0,393.0,405.0,420.0,432.0,443.0,454.0,464.0,475.0,487.0,499.0,510.0,523.0,534.0,548.0,564.0,582.0,602.0,626.0,642.0,669.0
4,2021-03-27,424.0,482.0,526.9,587.9,635.7,668.8,707.8,737.7,767.0,804.0,841.0,868.5,901.0,908.0,925.0,951.0,977.0,1022.66872243128,1045.44814707449,1069.1828547966,1103.89059041047,1151.67488991569,1188.67726868353
4,2021-04-03,675.45,729.5,768.5,821.5,866.8,907.3,940.9,975.05,1012.3,1045.0,1076.55,1110.75,1148.0,1179.5,1211.18090061371,1232.63083026045,1254.8238807474,1283.82821284607,1317.5,1392.0,1499.5,1567.0,1631.5
4,2021-04-10,579.095562944279,628.20967660675,670.385810240248,714.699131304127,744.436883068414,766.854811197853,787.78110611975,805.880758989115,822.580346016731,840.37564181341,874.0,900.0,924.0,940.5,961.5,987.0,1013.61820225278,1047.44945885605,1088.55122430359,1150.01830654326,1210.08871177801,1263.93814090424,1339.46441335538
4,2021-04-17,716.0,727.0,747.0,785.0,817.0,841.0,869.0,895.0,921.0,946.0,970.0,998.0,1022.0,1049.0,1073.0,1103.0,1131.0,1160.0,1198.0,1241.0,1295.0,1348.1,1432.3
4,2021-04-24,924.0,941.0,962.0,1007.0,1041.0,1096.0,1112.0,1135.0,1175.0,1195.0,1222.0,1252.0,1332.0,1365.0,1455.0,1501.47148011228,1511.57891787423,1527.25746765425,1544.98039589886,1601.1,1745.3,1872.3,2045.2
4,2021-05-01,735.054449213333,773.486348793855,811.009385884298,849.700960461986,876.317647671469,914.0,973.0,1000.0,1030.0,1053.0,1078.0,1115.5,1156.0,1194.0,1232.0,1274.0,1287.85154810902,1300.21607242965,1314.05360324014,1350.0,1397.0,1420.0,1439.0
4,2021-05-08,366.8,418.9,451.0,515.9,556.9,583.8,615.0,646.7,681.6,714.0,742.5,771.0,796.216311508928,809.988430090535,828.351254866011,849.954578131277,870.882797544504,895.591598529152,922.595752610735,964.857253748412,1027.33601574603,1065.17768616149,1129.71761441647
4,2021-05-15,443.0,452.0,465.0,502.0,521.524212288874,535.426479016871,547.985189486386,575.0,608.793693121414,617.648004180267,627.807161079372,637.220691784047,646.0750028429,659.4,678.4,702.0,727.0,759.0,792.0,836.2,911.0,986.0,1061.0
4,2021-05-22,178.0,192.0,204.95,223.0,230.0,239.0,248.0,255.0,260.65,268.0,287.0,312.0,321.0,331.0,343.0,354.0,366.0,381.0,397.0,415.0,438.0,450.0,461.0
4,2021-05-29,149.0,151.0,157.0,175.0,190.9,201.8,209.0,217.616306409009,222.483829537852,227.616853928269,239.0,256.0,265.0,274.0,284.0,295.0,305.0,318.0,338.2,362.0,400.0,430.0,469.0
4,2021-06-05,111.026173865502,116.942772015615,125.692514679125,133.0,140.0,144.0,149.0,154.0,159.0,163.137988109629,166.262637540331,171.0,183.0,190.0,196.0,202.0,207.0,219.0,229.0,242.0,259.0,282.219844972745,296.272632239869
4,2021-06-12,69.671194245911,80.2493857652096,90.8963943713837,99.3173776377265,105.999132109212,110.495044716351,114.798944170732,118.416233336729,122.331361356976,126.332019092732,129.27824882771,132.38235970065,136.367466579041,140.212615741144,149.999207879802,159.702694001621,166.081967008465,172.653048944005,181.397524169991,193.349868446951,209.222589958088,222.565023932991,246.28930701924
4,2021-06-19,26.6913887532683,32.1574363364954,39.1199469092302,48.4754754975935,53.9498517847859,58.4120505158773,60.8657503942177,63.5010780143202,66.0486255799662,72.2223431636433,80.0798726234695,83.0,86.0,90.0,92.5,96.15,103.15,110.0,115.5,123.55,133.55,149.0,165.0
4,2021-06-26,7.5,10.5,12.5,16.0,18.5,20.5,22.5,23.5,24.5,25.0,25.5,27.0,27.5,29.5,36.5,39.5,41.0,44.0,46.5,50.5,58.0,64.5,71.505
4,2021-07-03,10.0,11.0,12.5,15.0,18.5,21.0,23.0,24.0,25.3,27.8,33.5,39.5,41.5,43.5,45.5,47.5,50.0,53.5,57.6,62.5,71.0,78.5,86.5
4,2021-07-10,15.995,18.5,21.5,23.0,27.5,28.5,30.5,33.5,35.0,35.5,37.5,43.5,50.5,55.5,58.0,61.15,65.0,68.5,72.5,81.05,93.525,107.0,120.505
4,2021-07-17,42.0,43.0,45.0,49.0,53.0,57.0,60.0,64.0,68.0,72.0,76.0,89.0,95.0,97.0,101.0,107.0,112.0,118.0,129.0,141.0,155.0,165.0,174.0
4,2021-07-24,63.0,66.0,68.0,74.0,80.0,84.0,88.0,93.0,100.0,104.0,109.0,115.0,119.0,123.0,124.0,126.0,136.0,153.0,171.0,191.0,221.993719053023,239.662861514404,248.0
4,2021-07-31,57.0,65.0,66.0,72.0,78.0,82.0,83.0,90.0,94.0,103.0,108.0,122.0,133.0,146.0,159.0,166.913191009298,175.0,198.0,221.0,234.0,257.0,272.0,280.0
4,2021-08-07,140.843874953502,150.0,155.0,166.0,175.0,184.0,192.0,201.0,210.0,219.0,229.0,236.474690906671,244.034294542172,251.74769455623,259.346883621401,276.0,283.0,294.0,300.0,311.0,334.610930891098,354.894674558602,389.0
4,2021-08-14,103.180063458678,110.535932686935,118.894478817391,131.895220296192,140.32215652161,146.275123119726,152.240732687447,157.061366557639,160.992586664854,165.265814933887,170.534122386843,176.000000171985,181.076194753018,187.0,192.673971713479,203.0,218.0,233.0,252.0,275.0,309.0,327.0,333.0
4,2021-08-21,176.0,180.0,186.0,198.0,212.0,223.0,252.0,257.0,260.0,263.0,279.0,311.0,316.0,341.0,360.0,377.0,391.050654324791,402.653495164702,418.04181613104,431.0,449.0,475.0,492.0
4,2021-08-28,330.0,336.0,350.0,402.550991409154,413.407471657304,422.669527427462,432.330230164684,453.0,472.0,492.0,513.0,532.0,549.0,554.0,565.0,571.0,583.0,586.0,589.0,614.0,622.0,686.0,700.0
4,2021-09-04,544.0,555.0,571.0,609.0,643.0,672.0,729.0,743.0,760.0,781.0,802.0,831.0,845.0,858.0,865.0,875.0,887.0,900.0,920.0,945.0,982.0,1018.0,1065.0
4,2021-09-11,778.0,787.0,803.0,838.0,925.0,952.0,969.0,973.0,1050.0,1085.56876937111,1097.77558393635,1112.33929798037,1122.0,1128.0,1130.0,1142.0,1175.98041239102,1191.0,1231.0,1275.0,1338.0,1377.0,1396.0
4,2021-09-18,778.543077854604,800.944559974256,812.729553326366,834.719390901659,857.0,907.0,926.0,961.0,979.0,999.0,1010.0,1034.0,1048.0,1066.0,1107.0,1118.0,1131.0,1141.0,1157.0,1179.0,1211.0,1249.0,1309.0
4,2021-09-25,559.0,607.0,626.0,644.0,688.0,692.0,712.0,718.0,732.120783918728,740.683443326519,751.494077720115,761.467726864272,781.0,807.0,822.0,824.0,855.0,871.0,889.0,912.0,946.0,976.0,1011.0
4,2021-10-02,615.0,655.0,679.0,696.0,717.0,750.0,783.0,791.0,799.0,804.0,810.0,817.0,827.0,840.0,850.0,858.0,870.0,882.0,899.0,924.0,961.0,996.0,1043.0
4,2021-10-09,590.0,645.0,674.0,697.0,711.0,724.0,734.0,745.0,754.0,763.0,771.0,777.0,786.0,796.0,807.0,822.0,845.0,862.0,886.0,918.0,959.0,973.0,1010.0
4,2021-10-16,529.088589243079,561.384303044329,584.15068955291,613.805316133447,635.330564196273,653.188344624673,668.978146279919,682.505827632637,695.150496076209,705.939801662025,717.837143563801,729.997597702809,740.761926664337,752.834966148311,764.0,770.0,782.0,795.0,812.0,832.0,873.0,913.0,967.0
4,2021-10-23,296.0,328.763597466037,344.168175488026,365.806764612599,376.721944114655,386.144178063305,394.85211001907,403.493638522609,412.553334013805,423.055049457253,431.857006175454,440.0,448.508085357131,457.479336557508,465.927524808876,479.0,486.0,496.67952965976,509.499951713144,527.605975399622,551.790989038745,576.780141972189,624.040725211417
4,2021-10-30,288.0,318.844711273812,339.95510662,368.357558633041,387.17534177317,404.373508981051,418.003665520925,429.936249256766,447.482836735044,462.31567275577,485.449178180292,508.665445213281,536.62417815107,547.885793855216,559.698673193297,572.301061260809,586.45898636477,599.815772998135,617.365861987209,637.189559970793,667.15878390073,698.920702293017,734.960446736926
4,2021-11-06,483.182241535777,511.088395822765,540.952089213624,573.563863438277,598.229399757689,618.589438483016,633.646244677054,649.504317399788,663.861481839995,677.253685205465,690.521521194748,700.844472767609,713.473887733214,726.222496712418,739.071357948841,756.59265768356,777.370049593255,803.333827893045,833.583319887217,879.980363914351,942.25652849716,983.880391777368,1028.08732993326
4,2021-11-13,390.0,423.0,452.0,485.0,507.0,539.0,573.0,604.0,625.0,664.0,686.614543898827,695.588617036502,709.487335168624,723.526575777201,735.547485979364,749.929113268762,768.319645111003,786.941786487704,807.563930980199,831.751911735865,863.913333243615,905.804788600521,961.897266530751
4,2021-11-20,592.084126680162,625.163501754161,655.170922761403,689.381543664076,716.513815699391,741.646066249916,761.928051225304,774.119540756566,789.247480457809,803.43492474998,814.063417149866,825.384924703493,842.587720890771,855.28660464327,865.333686417336,882.554508288451,897.419185200059,911.617064079978,943.629662623409,970.246417934596,1013.04055997636,1057.75608217177,1110.7119869212
4,2021-11-27,1151.85,1221.3,1273.7,1334.8,1374.2,1399.6,1428.1,1442.8,1466.55,1486.35,1503.1,1519.4,1539.8,1559.05,1572.5,1591.5,1620.0,1645.55,1689.05,1728.75,1788.35,1862.55,1954.8
4,2021-12-04,1499.03360416221,1562.33469431793,1620.65484956911,1686.33732724427,1724.36980972828,1751.09507494856,1780.00307822106,1803.41513539152,1832.00887934872,1847.01267285893,1862.25130686845,1881.24189229416,1900.90976024516,1919.80984059824,1935.31081145581,1956.3508712906,1980.04567132082,2003.39997115423,2041.27347945447,2076.15701801906,2144.06193829862,2215.16849005549,2294.83826404968
4,2021-12-11,1149.5,1183.0,1216.5,1248.5,1273.5,1290.5,1305.5,1323.0,1335.5,1350.0,1365.5,1382.0,1395.0,1410.0,1424.5,1441.5,1459.5,1481.5,1507.0,1542.5,1595.0,1645.0,1729.35
5,2021-01-16,17412.1,20202.5,21782.0,22545.0,23324.0,24007.0,24721.0,25765.0,26450.0,26854.0,27626.0,28189.0,29501.0,30803.0,34063.0,35339.0,36174.0,37194.0,37583.0,38115.0,40435.6249032119,41166.6418475205,41870.8047429912
5,2021-01-23,16344.5614799671,16806.643904757,17962.0,20691.0,21077.0,21798.0,21917.0,22752.0,22834.0,23278.0,24106.0,24567.0,24946.0,25503.0,26034.0,26523.0,27619.0,28531.0,28909.0,29886.0,31225.0,32355.0,33537.0
5,2021-01-30,15001.9004074558,15534.0,15807.0,16288.0,16768.0,17165.0,17570.0,17975.0,18269.0,18679.0,19542.5140099279,19822.0404287606,20164.6188267811,20830.0,22361.0,23560.0,24115.0,24663.0,25125.0,26205.0,26290.0,26339.0,26367.0
5,2021-02-06,11796.0,11924.0,12342.4047321732,12933.8559585065,13280.9643786096,13600.0380126342,13933.0784999068,14260.9170493418,14507.8917500598,14743.4354155,15136.9,15575.0,16137.8,16669.8,17245.8,17995.5,18595.2,19344.8,20347.3,21252.1,22956.6,24621.7,26768.1
5,2021-02-13,9389.0,9745.0,9895.0,10564.0,11087.0,11485.0,11858.0,12187.0,12524.0,12804.0,13098.0,13377.0,13549.0,13885.3119393725,14136.3210109366,14367.0837328579,14706.6652999182,15058.6070160227,15418.0378545544,15939.1369895786,16814.0149778474,17518.0,18315.1645594719
5,2021-02-20,6764.73731245218,7018.0,7140.0,7395.0,7831.0,8179.0,8471.0,8737.0,8971.0,9148.17602642526,9285.38477940301,9542.5,9878.0,10108.0,10345.0,10600.0,10861.0,11181.0,11521.0,11984.0,12680.0,13242.0,13508.0
5,2021-02-27,7737.0,8046.0,8200.0,8499.0,8752.0,8937.0,9122.0,9366.0,9578.0,9783.0,9940.0,10153.0,10389.0,10585.0,10788.0,11073.0,11443.0,11793.0,12170.0,12645.0,13170.0,13687.0,13948.0
5,2021-03-06,6669.0,8813.0,9018.0,9382.0,9647.0,10087.0,10567.2,10886.4,11217.1,11624.8,11897.8,12177.5,12496.3,12837.0,13283.1,13711.3,14152.8,14646.6,15274.2,16243.2,17273.8,18039.0,18229.0
5,2021-03-13,9025.9,9727.0,9951.0,10531.0,10934.0,11365.0,11499.0,11543.0,11745.0,12040.0,12328.0,12565.0,12789.0,13073.0,13408.0,13724.0,14103.0,14485.0,14999.0,15455.0,16007.0,16442.0,16714.0
5,2021-03-20,9034.9,10370.6,10979.0,12373.1,13188.0,13858.4,14544.0,15122.4,15623.0,16037.0,16412.0,16766.0,17209.0,17612.0,18002.0,18378.0,18863.0,19317.0,19878.0,20465.0,22872.0,25330.9132949715,26747.0
5,2021-03-27,13079.4,14134.6,15356.6,17082.1,18212.7,19122.6,19892.0,20588.5,21369.5,22090.2,23046.7,23746.0,24318.8,25374.4,26178.2,27304.1,28296.2,29435.5343543924,30247.5806686861,31483.9580390708,32828.7304730396,33863.3052026628,34841.2786851505
5,2021-04-03,18776.533185065,20464.964015144,21672.8960564751,23055.4443001595,24030.4706984557,24992.5189421401,26000.0,26882.75,27827.4,28714.8,29416.5,29964.0,30465.0,31001.0,31557.5,32103.5451135534,32651.8855334869,33213.8706317257,33812.1750058715,34468.6082456568,35476.2712404359,36492.262044969,41236.7405379955
5,2021-04-10,15074.2288282257,16873.1572038309,18058.4233905094,19815.69049776,20736.1915063805,21164.9237427985,21590.4492765013,21997.1842184014,22384.5445598518,22765.3549467959,23110.1829328605,23413.3110738723,23717.8838915786,24103.9775024053,24625.3273502678,25293.0090973069,25770.4292301167,26329.3454271199,26879.8570979782,27852.4,29391.2,30562.6,31872.05
5,2021-04-17,19623.0,19808.0,20123.0,20698.0,21297.0,21811.0,22222.0,22705.0,23194.0,23525.5303185667,23981.0,24451.0,24936.0,25315.0,25852.0,26285.0,26713.0,27326.0,28076.5,29713.5,31869.2,33938.4,35686.7
5,2021-04-24,28893.0,29138.0,29748.0,30507.0,31184.0,31899.0,32634.0,33369.0,34030.0,34679.0,35352.0,36053.0,36590.0,37214.0,37910.0,39180.0,41412.0,44074.1434866837,44866.4700123928,46359.4,50245.669363587,51852.013744453,54042.4833547248
5,2021-05-01,31244.8521041227,32616.3110561901,33613.3550703363,34859.3435936506,35543.0,36105.0,36625.0,37111.0,37646.0,38187.0,38693.0,39209.2930602925,39786.0,40303.0,40880.0,41668.4,43122.2,45078.6,45898.7298305255,47033.0023349403,49088.5818939614,50852.4913804186,53560.8563399397
5,2021-05-08,17443.7,18588.6,20796.0,21629.8,22753.7,24040.0,24975.0,25380.0,26285.0,26815.0,27501.2053369829,27847.2987493562,28192.6122608234,28487.7105116432,28908.0183249862,29470.0,30149.0,30840.0,31668.0,32789.0,34000.0,34742.0,35143.0
5,2021-05-15,14952.0,15127.0,15395.0,15840.0,16705.5,17265.0,17868.8,18430.7,19058.0,19656.0,20315.0,20864.0,21415.0,22201.8,22961.0,23662.3,24070.25,24524.6,25161.95,25788.7,26701.3,27572.675,28345.43
5,2021-05-22,7985.83758663605,8406.59013292314,8768.15424762245,9221.07441977247,9553.04431867788,9779.50440475289,9949.34946930915,10120.4812388999,10277.459253111,11017.0,12571.0,13994.6169179226,14215.1645137325,14412.86430224,14638.9665959709,14830.8252594837,15086.2724360512,15379.9056278022,15863.2047868572,16212.6446605044,16841.7876589506,17496.3689133229,18263.7881235306
5,2021-05-29,7748.0,7831.0,7929.0,8676.9334574913,8797.76806424681,8937.8,9213.8,9560.0,9890.0,10285.6,10563.4,10810.5,11154.9,11434.9469243758,11638.5336853673,11893.9707389741,12113.3734622504,12372.5367960435,12703.6673939077,13166.9318615708,13677.0171595169,14312.2522005608,14975.0353306748
5,2021-06-05,4222.0,4356.0,4437.0,4669.8,5030.9,5293.6,5545.8,5698.8915119713,5804.42141991328,5950.47957588449,6097.58947888055,6214.64887549505,6316.96145844925,6474.69930920419,6619.87997313191,6757.11660507165,6900.68961918357,7115.42396137525,7349.60635061633,7590.0,8005.46717175778,8314.53865220061,8550.0
5,2021-06-12,2374.23799737316,2524.53050268358,2686.85,2866.95,3022.9,3114.30692844715,3191.23430990524,3262.46134032222,3337.44599702293,3405.81101803433,3471.88872447787,3583.50309135391,3749.20554744832,3923.09551892052,4102.7017632371,4297.40055048159,4521.56824774521,4761.09693369393,5036.58221974732,5231.90105460953,5613.47719070296,5842.36633661257,6189.109678983
5,2021-06-19,1687.51385848706,1810.30221170141,1895.14150800009,1996.73891521997,2067.81384310907,2144.73691194871,2231.08787152488,2315.2324174271,2403.95416831511,2494.8846900291,2591.85267621404,2756.45640103068,2886.6848607262,2942.6330263559,3003.73868985525,3104.35408510066,3239.85906084829,3363.27616527733,3488.98440060775,3655.49891418619,3937.5362963216,4218.50241128716,4571.25707003439
5,2021-06-26,670.4,739.85,816.5,907.5,964.85,1010.4,1042.64931753465,1076.98675631677,1105.59678225642,1130.74768261397,1144.5,1269.0,1394.44942371962,1422.02122468776,1478.1705343325,1533.38989204738,1582.67920674409,1646.27840553185,1724.20850483588,1814.38138635739,1954.53712611903,2040.39080630215,2143.14051571137
5,2021-07-03,379.5,438.5,470.0,511.5,546.8,592.5,636.75,673.85,707.8,750.1,788.25,834.0,942.0,971.5,995.0,1022.5,1051.5,1105.6,1173.6,1254.05,1408.05,1506.0,1626.05
5,2021-07-10,628.053205798373,746.5,775.0,814.5,840.0,856.5,873.5,891.5,908.0,924.5,941.0,959.0,1007.0,1100.0,1124.0,1146.5,1176.5,1219.5,1253.0,1305.0,1376.6,1489.05,1581.5
5,2021-07-17,874.811460999824,952.051092337292,1051.75047868705,1189.79423183841,1300.19324373109,1381.68822396346,1468.74162590251,1521.08746694985,1585.59825203596,1645.16074223711,1716.0,1731.0,1763.0,1943.68396001409,2053.09421961576,2141.9382329257,2271.68140600908,2379.04062381724,2558.0,2693.0,2838.0,2921.0,2972.0
5,2021-07-24,2246.0,2440.0,2530.0,2793.40534575121,2950.0,2995.0,3053.0,3155.0,3269.0,3351.0,3400.0,3510.0,3582.0,3613.0,3694.0,3759.0,3937.0,4241.0,4419.0,4751.0,4903.0,5585.0,6391.86547027524
5,2021-07-31,2729.0,2989.90139180351,3155.05363517591,3295.0,3336.0,3504.0,3540.0,3581.0,3656.0,3749.0,3832.0,3940.0,4116.0,4258.0,4379.0,4581.0,4978.0,5439.0,5555.0,5675.0,6281.0,6281.0,6478.0
5,2021-08-07,3560.81490232795,4091.3119167832,4280.0,4482.0,4650.0,5294.0,5480.0,5586.0,5680.0,5798.0,5809.0,5947.0,6058.0,6204.0,6274.0,6488.0,6605.0,7044.0,7203.0,7445.0,8139.0,8741.0,9441.0
5,2021-08-14,5939.0,6156.0,6470.45301514016,6839.0,7045.0,7262.0,7403.0,7542.0,7712.0,7890.0,8014.0,8210.0,8444.0,8603.0,8791.0,8984.0,9151.0,9402.0,9669.0,10039.0,10396.0,10805.0,11503.0
5,2021-08-21,12781.8424665081,13124.0,13483.0,13936.0,14473.0,14894.0,15332.0,15772.0,16192.0,16343.0,16583.0,16836.0,16984.0,17124.0,17353.0,17556.0,17813.0,18145.0,18502.0,18893.0,20074.0,22764.0,24914.0
5,2021-08-28,23374.0,24572.0,25871.0,27347.0,28114.0,28943.0,29529.0,30096.0,30531.0,30903.0,31320.0,31777.0,32207.0,32566.0,33083.0,34071.0,34999.0,37111.0,39168.0,39319.0,42201.7828894621,42742.0,45153.9594439927
5,2021-09-04,19267.0,19930.0,20500.0,21157.0,21600.0,21952.0,22255.0,22526.0,22778.0,23016.0,23247.0,24825.0,25387.0,25769.0,26985.0,27842.0,28496.0,29046.0,29826.0,30478.0,37229.0,39249.0,40975.4532714857
5,2021-09-11,16513.0,17207.0,17803.0,18491.0,18955.0,19323.0,20077.0,20230.0,21035.0,22093.0,22232.0,22426.0,22576.0,22804.0,22983.0,23263.0,23603.0,23904.0,24267.0,24737.0,25639.0,26444.0,27650.0
5,2021-09-18,12671.0,13799.0,15536.0,16110.0,16504.0,16849.0,17151.0,17484.0,17738.0,18026.0,18264.0,18461.0,18672.0,18969.0,19309.0,19599.0,19926.0,20266.0,20772.0,21377.0,22336.0,23170.0,24374.0
5,2021-09-25,8700.96053518892,9100.19013030191,9583.37949991841,9976.36829900021,10316.0480549585,10597.0,10793.0,11012.5053343787,11228.1360187595,11497.399827547,11679.7727821275,11820.1609728899,12030.503792609,12267.0614707348,12466.8555640695,12684.1383200415,12903.4669951998,13196.2663738754,13589.1244280575,14102.1149778854,14661.1166078719,15144.2815008199,16045.98372873
5,2021-10-02,6590.0,6834.0,7083.0,7369.0,7784.0,7946.0,8054.0,8322.0,8593.0,8851.0,9101.0,9346.0,9591.0,9841.0,10099.0,10370.0,10663.0,10990.0,11370.0,11849.0,12558.0,13174.0,13889.0
5,2021-10-09,7285.0,7684.0,8148.76428358415,8570.60152063113,8882.03844898878,9073.0,9291.0,9490.0,9647.0,9836.0,10012.0,10166.0,10335.0,10491.0,10681.0,10856.0,11078.0,11343.0,11690.0,12149.0,12766.0,13378.0,14224.0
5,2021-10-16,7773.07997132181,8249.26111564881,8678.55156477658,9082.73450065186,9431.5292959864,9681.32077605609,9909.34975356739,10058.0,10254.0,10457.0,10679.0,10749.0,10893.0,11026.0,11429.0,11721.0,11868.0,12018.0,12224.0,12637.0,13289.0,13637.0,14317.0
5,2021-10-23,7548.0,7631.0,7768.0,7984.0,8207.65954080015,8487.0,8600.0,8709.0,8857.0,9012.0,9164.0,9326.0,9515.0,9696.0,9870.0,10074.0,10353.0,10665.0,11029.0,11486.0,12164.0,12753.0,13436.0
5,2021-10-30,11948.5,12733.0,13364.0,14152.5,14639.5,15082.0,15412.5,15698.0,15983.0,16256.0,16533.0,16778.5,17052.5,17297.0,17626.5,17896.0,18197.0,18575.5,19030.0,19615.5,20696.0,22328.5,23730.5
5,2021-11-06,20710.0727671067,21551.4865199274,22985.149669323,24588.2120980374,25611.3103863861,26543.0031623284,26934.7230776844,27619.3322637521,27935.0711964612,29453.0319908645,30341.1317033302,31480.4433719098,32187.0941039586,32644.2848353233,33094.1720427223,33419.5103627143,34540.9043499019,35025.0891422653,36514.3624785629,38569.6346876391,40863.3276658481,41490.1629360985,42142.2162845499
5,2021-11-13,21281.0,21805.0,22498.0,23497.0,24705.0,25761.0,26738.0,27815.0,28793.0,29827.0,30998.0,32206.0,32908.1422825313,33399.1037852831,33816.2475458948,34296.7174551956,34840.3932872608,38117.0,40684.0,44236.0,47202.0,48943.0,50545.0
5,2021-11-20,30044.0,32330.5,33702.85,34980.6,35873.55,36492.85,37126.45,37526.8,37942.475,38419.8,38774.075,39110.55,39560.475,39934.55,40234.85,40718.95,41112.7,41533.65,42417.425,43191.75,44336.925,45831.2,47682.79
5,2021-11-27,44733.985,45863.925,46792.9,48046.0,48910.275,49529.5,50210.45,50555.05,51061.55,51700.15,52094.15,52481.7,52957.4,53267.75,53631.275,54104.15,54688.525,55214.9,56209.075,57115.35,58533.05,60322.525,62488.655
5,2021-12-04,50646.55,52661.6,54363.5,56274.95,57639.1,58567.75,59527.05,60157.65,60736.45,61256.35,61781.5,62433.35,63034.85,63550.2,64003.1,64594.95,65151.4,65675.55,66945.4,68135.05,69989.4,72138.7,74835.45
5,2021-12-11,53749.5,54620.5,55317.5,56427.5,56987.0,57475.5,57896.5,58402.0,58766.0,59067.5,59473.0,59953.0,60326.5,60808.5,61246.5,61766.5,62497.15,63122.85,64156.5,65471.6,67347.85,69926.8,73076.3
6,2021-01-16,6701.0,6879.7,7770.0,8996.0,9397.0,9649.0,10171.0,10459.0,10545.0,10628.0,10669.0,10719.0,10776.0,10856.0,11145.0,11616.0,11826.0,12449.0,13077.0,13941.459066796,14338.6887341075,14810.1784630801,15129.8402739949
6,2021-01-23,6345.0,6452.0,6589.0,6867.0,7067.0,7282.0,7479.0,7684.0,7845.0,8025.0,8168.0,8323.0,8560.9,8961.0,9541.5,10038.3,10105.0,10515.0,10900.0,10994.0,12146.0,12357.0,13202.0
6,2021-01-30,5309.0,5594.0,6212.7355966113,6489.00287222007,6696.50478607856,6867.49081445578,6998.49038334198,7129.64535799859,7249.50105102703,7417.63875225936,7539.4320068167,7624.89538771465,7764.78793385951,7900.05632475754,8019.84837013634,8333.0,8600.0,8913.8,9251.7,9737.1,10429.0,10585.0,11239.0
6,2021-02-06,3903.0,3965.7,4200.9,4567.4,4758.0,4905.4,5064.2,5211.7,5349.2,5507.2,5630.8,5770.5,5889.8,6041.6,6201.7,6373.9,6561.0,6728.6,6969.5,7323.1,7685.97850544125,7949.25077309339,8273.19236036663
6,2021-02-13,3171.0,3348.0,3482.3,3792.6,3954.2,4119.8,4268.5,4462.0,4609.0,4696.0,4826.0,4925.0,5014.0,5108.0,5210.0,5313.0,5420.0,5548.0,5750.0,6277.7,6644.0,6878.0,6979.0
6,2021-02-20,2274.0,2329.0,2495.00492048467,2643.42094867806,2752.77931110948,2832.8,2950.8,3039.4,3136.7,3228.6,3361.7,3439.0,3499.0,3563.0,3635.0,3735.0,3775.0,3828.0,3925.0,4184.0,4577.0,4767.0,4847.0
6,2021-02-27,2018.0,2255.0,2384.0,2642.0,2715.0,2786.0,2854.0,2923.0,2975.0,3032.0,3094.0,3181.0,3250.0,3319.0,3396.0,3475.0,3578.8,3718.6,3886.5,4109.1,4294.0,4394.0,4455.0
6,2021-03-06,2230.0,2537.0,2711.5,2951.0,3133.9,3222.0,3413.5,3530.7,3656.3,3795.2,3901.2,3991.0,4086.2,4209.6,4342.1,4458.1,4564.5,4707.2,4869.2,5127.5,5403.1,5591.0,6162.0
6,2021-03-13,2941.9,3188.8,3407.9,3583.0,3689.0,3794.0,3929.0,4021.0,4119.0,4247.0,4335.0,4449.0,4548.0,4663.0,4773.0,4886.0,5282.0,5401.0,5756.0,5972.0,6694.92978030615,7078.35888189115,7527.7553395509
6,2021-03-20,3704.0,4154.0,4390.0,4776.0,5031.0,5256.6,5437.5,5640.0,5764.9,5953.8,6097.5,6267.5,6420.9,6588.4,6770.0,6916.3,7132.8,7332.2,7561.8,7940.4,8824.0,9026.0,9197.5
6,2021-03-27,5972.0,6917.0,7198.0,7934.0,8167.0,8336.0,8515.0,8680.0,8880.0,9067.0,9233.0,9389.0,9534.0,9699.0,9878.0,10247.5,10630.8,11029.0,11414.0,12036.0,12725.0,13401.5039900007,14063.4123856639
6,2021-04-03,6842.10317247323,7372.16746880153,7917.6500622541,8479.00521002026,8865.44604122532,9202.0,9519.0,9724.5,10019.0,10355.5,10573.0,10755.0,10930.8044791191,11160.7,11465.8562869105,11732.416234748,12092.421820711,12475.4171182148,12809.3458754052,13417.5,13848.0587152395,14277.5205006969,15171.409561043
6,2021-04-10,6451.82373168567,6946.11748137436,7428.11237814609,7827.7536926497,8141.55,8383.5,8635.4,8829.1,9072.6,9251.4,9472.05,9712.5,10058.1,10222.1,10412.95,11279.1,11637.2091508772,11890.0497723152,12262.7937331539,12686.1469951511,13351.1336443519,13944.8855564688,14862.3482812353
6,2021-04-17,6883.0,7668.0,8095.0,8302.0,8549.0,8738.0,8911.0,9086.0,9224.0,9392.0,9603.0,9754.0,9897.0,10086.0,10280.0,10454.0,10672.0,11000.4,11479.1,12231.6,13120.0,14060.1,14853.258248154
6,2021-04-24,8793.0,8891.0,9018.0,9289.0,9534.0,9778.0,9961.0,10122.0,10319.0,10509.0,10689.0,11327.0,11610.0,12332.0,12808.8477613977,13019.5689477641,13260.0028386401,13536.4279703528,14139.1,15336.5,16326.1,17439.4,19266.4
6,2021-05-01,9728.0,9824.0,9960.0,10165.0,10385.0,10545.0,10716.0,10876.0,11261.0,11556.0,12031.0,12310.0,12736.0,12954.0,13595.0,14226.0,14815.0364543206,15173.6087705638,15531.0810023261,15893.147010707,16823.2573476822,17326.3144556116,18282.9
6,2021-05-08,6955.96018420058,7423.8824940969,7671.0,7913.0,8110.0,8291.0,8476.0,8681.7,8888.1,9147.6,9457.2,9761.1196322748,10031.3,10104.0,10147.7878210523,10297.3554771674,10461.1007917933,10663.4363648032,10867.2318022099,11166.688843108,11673.0,12401.0,13716.0
6,2021-05-15,5059.26772448992,5255.86355620402,5421.0,5563.0,5709.0,5923.4,6053.030620665,6158.37944187888,6248.79693410182,6334.23731666112,6834.0,7171.5,7332.0,7576.2,7790.99690824835,7915.01521103409,8067.28591004742,8243.09746013504,8471.66294599157,8720.72279913983,9044.19336056756,9457.35278303141,9728.7903053571
6,2021-05-22,3508.95002430454,3727.97576335073,3892.05427866407,4102.6853029733,4241.57967407576,4350.71096565627,4447.63176307392,4534.63153398425,4626.21024020565,4695.65742575688,4764.34145542294,4841.42019982595,4929.18312662146,5022.28814461322,5128.36681265301,5229.86654538173,5394.0,5594.14429076844,5708.95559676448,5912.07067978868,6192.37891078849,6426.48516364425,6797.38873353808
6,2021-05-29,3068.0,3101.0,3202.0,3378.0,3599.0,3706.0,3792.0,3804.0,3871.0,3924.0,3932.0,4062.0,4228.13143632374,4278.57735769668,4325.2,4448.0,4542.0,4726.0,4811.0,4874.0,5060.17774440087,5331.71381500089,5714.10635479083
6,2021-06-05,1658.0,1696.15606470985,1781.01674696621,1885.3003678452,1951.14226649092,2010.241194236,2058.97486091807,2118.94522840501,2194.6,2270.2,2335.1,2435.0,2519.8,2585.3238720485,2616.88065214671,2659.3946475568,2719.00189885341,2784.30690211221,2864.95200680763,2976.71560298879,3181.39638501468,3383.44743536571,3594.0
6,2021-06-12,861.568973165957,921.650554942545,980.14649129879,1045.25372024568,1096.37797350822,1139.60089816685,1179.11372594053,1220.99943361858,1250.54569556734,1281.60201935703,1315.86862216782,1346.61164088827,1377.06630485879,1413.47342531614,1464.06936496507,1542.30064928048,1628.43765987517,1721.73630076296,1780.47357070939,1850.86039471328,1976.5057265482,2102.45861473222,2252.47687728625
6,2021-06-19,504.821356561266,554.762971012511,587.0,633.0,678.95,715.9,749.25,778.5,808.15,840.669342834305,912.614654262689,983.523708705762,1034.0,1059.0,1097.0,1134.0,1172.35225059528,1208.75865876281,1240.6,1294.23081669864,1417.25251194077,1524.25287417564,1635.05
6,2021-06-26,313.0,333.45,351.5,390.0,418.5,443.0,463.4,472.0,481.0,490.5,500.0,508.5,518.0,552.0,610.0,620.5,629.5,641.0,658.5,680.0,715.669148768447,757.135602027336,829.186904081902
6,2021-07-03,242.0,256.5,271.475,292.0,308.0,329.4,347.0,364.5,379.825,391.0,401.275,414.25,424.5,437.0,496.5,514.15,534.625,553.5,585.15,621.55,674.025,725.5375,778.04
6,2021-07-10,297.975,334.975,351.475,377.5,396.0,408.0,418.0,429.5,441.0,450.0,460.5,484.5,531.5,543.0,555.0,563.5,576.0,589.5,619.5,692.15,764.5,845.0,939.05
6,2021-07-17,396.92,432.8,472.95,518.0,534.0,554.0,575.0,594.0,616.0,633.0,657.0,676.0,694.0,738.0,753.0,769.0,796.0,822.0,864.0,911.000000000001,960.0,985.0,1052.0
6,2021-07-24,931.0,948.0,977.0,1020.0,1062.0,1093.0,1106.70957818601,1152.68726549101,1193.54714238633,1236.88458218224,1280.20396057787,1323.0,1363.0,1407.0,1453.0,1496.0,1558.0,1629.0,1719.70561214832,1844.11255546893,2006.80872862056,2121.25206371656,2258.70345319964
6,2021-07-31,824.0,913.0,947.0,995.0,1159.48356420078,1222.38842419434,1290.92176669134,1345.63084986977,1400.98359141534,1449.90019326684,1500.40051174086,1547.04776998713,1605.05020676861,1660.0,1709.0,1763.0,1808.0,1889.0,2027.0,2159.0,2444.0,2691.0,2810.0
6,2021-08-07,802.0,845.0,879.0,950.0,1004.0,1043.0,1105.0,1141.0,1163.0,1199.0,1216.0,1238.0,1263.0,1365.0,1470.0,1570.66289071155,1620.67993946127,1697.0,1734.0,1792.0,1931.0,2231.01722225819,2351.0
6,2021-08-14,1018.0,1046.0,1182.55810106727,1249.0,1358.28950423843,1413.46242821757,1481.0,1518.0,1592.80945955945,1642.78764886926,1696.46267339747,1750.0,1781.0,1815.0,1856.0,1891.0,1927.0,1985.0,2044.0,2125.0,2259.0,2375.0,2507.0
6,2021-08-21,2135.0,2172.0,2225.0,2337.0,2429.0,2529.0,2729.0,2821.0,3109.0,3149.0,3211.0,3385.0,3495.0,3543.0,3605.0,3691.0,3846.0,4036.0,4239.0,4460.0,4779.0,4943.0,5076.0
6,2021-08-28,3829.89,4080.625,4270.0,4460.0,4653.0,4865.0,5025.0,5125.0,5168.0,5267.0,5450.0,5548.0,5618.0,5653.0,5734.0,5820.0,5837.0,5892.0,5942.0,6091.0,6763.0,7640.0,8835.0
6,2021-09-04,3922.0,4005.0,4089.0,4883.0,5048.0,5386.0,5498.0,5654.0,5911.0,6138.0,6217.0,6363.0,6522.0,6543.0,6550.0,6568.0,6622.0,6722.0,6950.0,7274.0,7684.0,8015.0,8562.0
6,2021-09-11,7229.0,7331.0,7522.0,7835.0,9217.0,10260.0,10524.0,10712.1,10897.3,11018.0,11059.0,11148.0,11282.0,11829.0,12070.4,12344.0,12648.0,12923.0,13228.65,13627.7,14284.0,14848.425,15539.28
6,2021-09-18,4671.0,4943.0,5178.0,5588.0,5703.0,6138.0,6207.0,6397.0,6761.22757917468,6877.74772283945,7001.82362743601,7109.56605819939,7206.38136311481,7317.74349905908,7484.29366543128,7643.53909229845,7795.5104141697,7983.86177159328,8146.60616200144,8367.30935670369,8757.92663500166,9059.88458776838,9387.28064011808
6,2021-09-25,2902.0,3070.0,3314.0,3530.0,3680.0,3795.0,3902.0,4125.0,4309.0,4413.0,4514.0,4612.0,4697.45,4788.0,4870.35,4997.0,5103.5,5257.4,5428.0,5621.0,5907.0,6155.0,6443.0
6,2021-10-02,2429.0,2716.0,2935.0,3248.0,3440.0,3592.0,3707.0,3788.7,3856.3,3934.0,4024.0,4118.0,4216.0,4311.0,4424.0,4531.0,4641.0,4779.0,4962.0,5162.0,5450.0,5690.0,5954.0
6,2021-10-09,2886.78,3087.0,3142.0,3277.0,3569.0,3633.0,3674.0,3701.0,3747.0,3790.0,3839.0,3904.0,3996.0,4073.0,4164.0,4270.0,4388.0,4519.0,4607.0,4863.0,5148.0,5394.0,5681.0
6,2021-10-16,2647.0,3239.85,3314.0,3403.0,3500.0,3580.0,3656.0,3747.0,3821.0,3906.0,3972.0,4043.0,4130.0,4211.0,4309.0,4414.0,4526.0,4651.0,4797.0,4980.0,5252.0,5488.0,5762.0
6,2021-10-23,2847.0,2975.0,3032.0,3124.0,3214.0,3306.0,3404.5,3470.0,3558.65,3642.6,3723.75,3807.5,3898.0,4021.2,4110.35,4207.5,4272.0,4327.0,4391.0,4487.0,4680.0,4915.0,5191.0
6,2021-10-30,4210.5,4502.0,4770.0,5074.0,5268.5,5441.0,5579.5,5700.5,5818.0,5929.0,6036.5,6148.0,6267.0,6382.5,6481.0,6600.5,6724.0,6868.5,7034.5,7254.0,7606.0,8137.5,8645.5
6,2021-11-06,8112.87,8367.3625,8613.45,8951.35,9218.35,9608.0,9982.75,10209.8,10466.625,10704.5,10945.05,11286.25,11597.125,11853.2,12020.0,12425.35,12963.5,13494.2,14143.8,14738.15,15708.725,16424.1375,17250.68
6,2021-11-13,8372.0,8659.0,9338.0,10238.9,10595.85,10770.6,10984.25,11184.2,11359.65,11571.4,11811.85,12010.0,12210.9,12400.4,12555.3,12788.3,13001.5,13328.6,13749.05,14219.1,14863.2,15275.6,15831.46
6,2021-11-20,11401.0,11942.0,12235.95,12626.1,12883.975,13093.7,13335.025,13468.1,13636.35,13814.1,13927.375,14041.1,14207.625,14345.1,14471.375,14623.25,14789.725,14958.7,15371.2,15617.3,15991.6,16632.3,17305.415
6,2021-11-27,13900.45,14427.05,14788.05,15211.15,15509.55,15655.3,15863.65,16020.35,16259.1,16503.9,16648.5,16846.9,17038.35,17197.35,17325.7,17533.45,17800.45,18030.15,18430.55,18882.95,19412.55,20094.15,20983.0
6,2021-12-04,17530.85,18048.75,18302.375,18681.8,18992.35,19311.4,19585.5,19850.2,20094.65,20303.3,20525.55,20762.25,20992.075,21256.2,21525.1,21779.7,22058.0,22327.95,22814.55,23240.4,23855.75,24560.075,25316.22
6,2021-12-11,15214.5,15418.5,15635.5,15830.5,16250.2,16491.3,16715.7,16824.2,17016.5,17153.4,17253.45,17411.8,17540.85,17627.35,17708.55,17889.55,18100.05,18338.55,18708.85,19153.0,19808.1,20694.25,21773.95
7,2021-01-16,4442.49600807842,4781.9894371016,5017.71010816544,5346.0,5513.0,5713.0,5840.0,5960.0,6098.0,6224.0,6339.0,6487.0,6617.0,6762.0,6919.0,7132.0,7341.0,7557.0,7892.0,8211.0,8584.0,8868.0,9078.0
7,2021-01-23,3376.0,3662.0,3790.0,3925.0,4036.0,4144.0,4243.0,4348.0,4449.0,4530.0,4601.0,4684.0,4790.0,5019.4,5270.6,5556.3,5708.0,5833.0,5987.0,6182.0,6467.0,6708.0,6994.0
7,2021-01-30,2961.23991245222,3134.0,3249.87648925492,3440.11372537322,3579.18883984557,3738.45336910689,3867.51272381722,3953.8688283754,4046.61379327694,4160.58648729713,4239.0,4356.0,4446.4402511941,4547.24384033512,4658.14754313831,4767.27759613548,4966.08998433156,5127.99661865618,5332.72469911115,5582.2856733909,5882.23358208215,6202.2247942866,6618.81461213788
7,2021-02-06,2061.83,2182.525,2355.9,2525.9,2690.7,2809.8,2913.5,3019.8,3149.3,3257.2,3349.9,3444.0,3543.0,3622.4,3747.8,3859.2,4025.0,4203.2,4414.1,4634.1,4972.2,5340.2,5782.0
7,2021-02-13,2034.0,2071.0,2125.0,2219.0,2253.0,2280.0,2342.0,2390.0,2456.0,2502.0,2584.0,2616.0,2700.1,2846.2,2980.4,3140.2,3288.0,3402.0,3525.0,3631.0,3797.0,3864.0,3936.67
7,2021-02-20,1196.0,1209.0,1257.0,1316.0,1387.0,1451.0,1507.0,1577.0,1673.3,1739.2,1836.0,1867.0,1894.0,1916.0,2008.0,2082.0,2160.0,2282.6,2418.3,2541.0,2669.0,2778.0,2903.0
7,2021-02-27,1263.0,1284.0,1323.0,1384.0,1442.0,1494.0,1542.0,1587.0,1629.0,1673.0,1712.0,1774.5,1912.9,2021.4,2172.0,2253.0,2323.0,2551.0,2692.0,2898.0,2940.0,3097.0,3732.0
7,2021-03-06,1260.8,1356.0,1402.0,1537.0,1601.0,1659.0,1715.0,1887.4,1936.7,1986.2,2049.6,2110.0,2158.4,2205.4,2251.4,2323.3,2381.2,2437.0,2513.0,2637.4,2801.0,3017.5,3180.3
7,2021-03-13,1330.0,1349.0,1374.0,1447.0,1512.0,1575.0,1650.0,1734.0,1889.3,1947.0,2014.0,2114.0,2174.0,2262.0,2280.0,2297.0,2314.0,2326.0,2451.0,2524.0,2612.0,2925.0,3474.0
7,2021-03-20,1400.9,1538.0,1576.0,1650.0,1718.0,1848.0,1986.0,2173.0,2271.0,2330.0,2409.0,2427.0,2461.0,2524.0,2583.0,2660.0,2665.0,2671.0,2704.0,2787.0,2963.0,3274.0,3676.0
7,2021-03-27,1967.5,2287.0,2429.8,2654.7,2809.8,2951.8,3100.8,3254.0,3366.6,3440.6,3561.0,3639.0,3805.2,3877.0,3933.0,4099.0,4260.0,4492.0,4776.0,5097.0,5526.0,5779.0,5925.0
7,2021-04-03,3373.2,3519.35,3733.9,4042.55,4336.7,4580.0,4767.5,4965.85,5157.95,5347.5,5509.10123724157,5617.26288744036,5743.66598156307,5851.5,5957.0,6075.8,6205.0,6358.32887374107,6606.41063032486,6859.26073562735,7264.99403927251,7614.66115683729,8030.51641901097
7,2021-04-10,3470.5,3696.0,3976.0,4356.5,4528.5,4693.8917598417,4808.44154861855,4858.84688250952,4884.99205216323,4900.14500317478,4946.41346704775,4967.82583810876,5015.3081706244,5056.21597835934,5099.61666349016,5190.71394197867,5364.6,5483.6,5653.55,6171.7,6456.05,6821.6,7115.9
7,2021-04-17,3328.0,3404.0,3535.0,3751.0,3964.0,4133.0,4361.0,4550.0,4719.0,4916.0,5099.0,5355.0,5556.43106841553,5709.15102031764,5847.62790704103,5966.81489292519,6048.44981476366,6148.86076862498,6297.436326371,6494.17648800171,6953.0,7742.03142960555,8226.67107683741
7,2021-04-24,4499.0,4575.0,4703.0,4966.0,5188.0,5354.0,5556.0,5711.0,5896.0,6078.0,6272.0,6477.0,6705.0,6929.0,7128.0,7397.0,7663.0,7921.0,8289.0,8692.4,9243.0,10295.4,11319.6
7,2021-05-01,4445.0,4499.0,4571.0,4741.3,5032.7,5288.8,5584.0,5781.4,5985.9,6165.6,6335.26932164763,6372.39825701795,6512.0,6988.61538429395,7146.37809561822,7316.11110911003,7524.63136185233,7690.62349122755,7958.13927079655,8351.06723555384,8820.38153160791,9202.77069238225,10095.4903557732
7,2021-05-08,3260.68215903711,3430.94978436467,3595.89010447679,3795.70035803543,4012.0,4216.66893373819,4335.90539589424,4451.69320232009,4543.83339752645,4633.59035408907,4726.67748683878,4815.0643223144,4927.68236285459,5040.15872977211,5131.24438294305,5244.13393704645,5354.77302478294,5545.31717541228,5742.01213947612,5981.66061311974,6333.0826981956,6837.10420084988,7152.81574094683
7,2021-05-15,2705.91707451837,2788.0,2833.0,2917.0,2989.0,3097.2,3222.0,3321.6,3434.6,3544.2,3661.6,3816.5,3948.9,4084.0,4192.88864950538,4286.61182618117,4411.53462879573,4519.74976822468,4657.11381825708,4851.42293019468,5238.79388713676,5309.0,5319.0
7,2021-05-22,2009.78384473358,2095.51785051037,2174.94366857114,2262.1113533743,2316.87789218155,2429.6,2538.5,2641.1,2734.3,2866.0,2926.0,2986.0,3041.0,3096.0,3162.0,3223.0,3289.0,3371.0,3450.0,3580.8401053787,3836.08921408397,4104.62909341272,4388.12911168465
7,2021-05-29,1457.0,1468.0,1496.0,1538.92532267953,1613.7149079703,1680.56512626061,1740.65602731467,1816.88292916038,1869.0689865549,1922.0,1989.0,2039.5,2099.4,2153.86653713818,2219.47675406958,2277.52821118531,2352.53989868302,2412.0,2443.0,2653.0,2904.28813732936,3049.45998566958,3223.76234044376
7,2021-06-05,697.0,770.9,851.9,879.0,901.0,918.0,935.0,966.824144863646,990.349536253347,1021.11789875645,1052.06837369062,1085.40318824362,1118.88380560486,1156.96116442405,1185.72304903748,1224.63301375432,1261.8963937759,1328.48105024549,1388.01674537574,1438.0,1558.0,1587.0,1627.0
7,2021-06-12,550.467731771719,586.359549234334,619.345831712896,653.544394237158,684.78792948866,720.552534168167,765.51465814198,806.006845198879,842.397864001302,872.939710122899,894.769066162096,916.006630129104,940.183117569622,969.276328386876,983.800665335568,1001.3,1034.1,1066.0,1116.1,1178.8,1281.5,1364.55,1473.05
7,2021-06-19,328.220873054311,353.0,375.95,398.4,422.5,439.4,460.5,482.722216941364,503.359566072795,515.712392543003,527.889005560464,545.076351980442,581.388495969144,598.791498967717,621.579277785648,641.737405112773,672.263963157747,706.285040362293,730.809525382514,791.482314185269,872.128738842168,963.623704459023,1085.1
7,2021-06-26,173.0,183.45,203.5,214.5,220.5,226.5,231.5,236.0,258.0,279.0,284.5,290.0,293.5,301.5,307.5,318.291815044089,331.60274406213,347.336594971639,367.26409845274,397.803979515891,446.814985909795,500.345598468511,560.521369434672
7,2021-07-03,66.7812577036723,78.0,90.0,103.5,114.5,122.0,126.0,129.5,133.5,136.5,142.0,168.171434588944,177.932036076831,188.817929131815,202.117759658867,214.404460876899,233.063531866328,251.083560734639,272.970943628663,296.83089728334,330.05,357.55,387.55
7,2021-07-10,82.4857816318253,100.552425692765,105.871340742806,113.957042269509,122.657135279598,131.136617978158,140.5,149.940163387703,159.560975180856,186.3,200.0,207.5,214.5,223.627156555675,241.2,251.0,268.15,282.5,300.5,329.6,371.55,409.059456649566,449.55
7,2021-07-17,135.635169791622,164.436774472726,178.043190431163,199.041496350063,223.445888680973,242.146949619688,260.424913067245,275.843060117684,296.654909792912,308.0,314.0,321.0,328.0,340.0,385.0,432.0,482.086876333167,514.0,535.0,556.0,587.0,604.0,617.0
7,2021-07-24,252.235540720516,285.974399961291,317.839243888573,366.720487043647,401.88920626429,442.019461998572,475.973761527167,510.169377699894,535.167619941167,563.734073717821,590.647478793498,603.0,625.0,662.0,679.0,720.0,756.0,790.0,824.0,860.0,903.0,967.0,1009.0
7,2021-07-31,421.0,449.329132998201,512.027369767892,581.737977783257,636.452219075065,670.0,695.0,721.0,746.0,770.0,793.0,894.0,954.912943528146,1005.48652861774,1038.0,1095.69658181769,1154.33075325782,1185.0,1262.0,1348.0,1369.0,1383.0,1470.0
7,2021-08-07,474.0,527.0,563.0,584.0,608.0,634.0,660.0,694.634453982836,733.756018091279,764.537052349458,808.469556369497,851.334751245717,863.0,930.0,962.0,1006.0,1064.0,1152.04270639883,1200.0,1336.89842959561,1442.0,1529.0,1594.0
7,2021-08-14,457.23197742316,513.272172070231,581.669291627373,665.311840632636,718.428921507827,769.264538262274,810.467637488818,860.095662304788,899.073584705214,935.0,981.0,1001.0,1061.0,1067.0,1076.0,1124.0,1136.0,1182.0,1198.0,1252.0,1462.0,1549.0,1593.0
7,2021-08-21,984.678896694178,1065.96787038321,1141.93845309192,1290.80394786799,1414.61968265037,1505.27299312773,1592.41073770311,1669.90393496698,1716.0,1753.0,1784.0,1809.0,1840.0,1873.0,1915.0,1950.0,1988.0,2031.0,2081.0,2147.0,2254.0,2364.0,2514.0
7,2021-08-28,1474.9130320053,1689.62563692912,1761.0,1842.0,1938.0,2018.0,2094.0,2182.0,2256.0,2316.0,2386.0,2735.0,2738.0,2889.0,3065.0,3204.0,3259.0,3269.0,3341.0,3489.0,3992.0,4173.0,4429.0
7,2021-09-04,2716.0,2763.0,2954.69462654198,3160.41396711235,3383.19605654795,3576.020228119,3713.16453383951,3830.22775425779,3924.0,3928.0,3989.0,4110.0,4154.0,4206.0,4257.0,4321.0,4448.0,4614.0,4796.0,5016.0,5290.0,5433.0,5530.0
7,2021-09-11,4016.0,4210.67144232344,4493.81795736501,4831.45277683186,5072.51761608033,5271.52416390277,5498.71079980616,5649.04200768068,5777.52399280958,5910.46355267472,6072.05524656902,6241.47612297122,6414.59800228246,6558.56080309009,6710.0,6836.0,6938.0,7074.0,7220.0,7451.0,7817.0,8169.0,9149.0
7,2021-09-18,3205.0,3436.0,3499.0,3686.0,3828.0,3936.0,4055.0,4194.0,4320.0,4428.0,4561.0,4696.0,4816.0,4918.0,5074.0,5209.0,5330.0,5514.0,5712.0,5862.0,5998.0,6463.0,6995.16776356075
7,2021-09-25,1744.8678720215,1886.04987757785,1989.21143069946,2124.14728819748,2230.82911826391,2310.64702899903,2390.96442174622,2453.48244395538,2520.39963413303,2588.17715677894,2665.22669368705,2753.0,2819.6447898149,2917.2012594204,2999.0522008653,3077.40536043175,3152.55674754508,3253.10314148914,3380.44548874187,3579.51763165811,3736.0,3859.0,4001.0
7,2021-10-02,1476.84011262008,1634.29943975275,1739.47089033142,1839.0,1913.0,2071.0,2169.81865755772,2224.0,2291.0,2391.0,2449.0,2498.0,2546.0,2596.0,2647.0,2700.0,2759.0,2823.0,2899.0,2993.0,3134.0,3256.0,3398.0
7,2021-10-09,1470.08498102627,1629.04539660633,1741.0,1820.0,1892.0,1942.0,1995.0,2040.0,2083.0,2133.0,2188.0,2241.0,2322.0,2364.0,2407.0,2484.0,2555.0,2625.0,2703.0,2824.0,2904.0,2924.0,3044.0
7,2021-10-16,1617.680935913,1755.54082418292,1932.62597048323,2063.24104017963,2204.14942855439,2309.83176768153,2404.83331815115,2473.0,2522.0,2569.0,2615.0,2659.0,2704.0,2749.0,2796.0,2846.0,2913.0,3053.0,3105.0,3284.0,3376.0,3635.0,3841.0
7,2021-10-23,1428.44712148583,1703.0,1748.0,1873.42267858129,1967.7053684264,2064.22963092707,2149.52226655365,2225.21229185773,2256.0,2265.0,2293.0,2332.0,2371.0,2398.0,2441.0,2476.0,2503.0,2608.0,2646.0,2690.0,2985.0,3211.0,3610.0
7,2021-10-30,2391.5,2551.5,2687.5,2850.0,2952.5,3032.0,3108.0,3178.5,3242.0,3308.0,3361.0,3411.0,3468.5,3520.5,3577.5,3638.5,3705.5,3779.0,3872.5,3989.0,4264.5,4737.0,5122.0
7,2021-11-06,3638.0262596881,3850.66065267772,4255.27170309183,4613.44096884302,4796.85420024641,4987.87419819048,5112.83913681997,5243.56477419177,5414.26144287618,5552.01782341195,5646.14126082443,5715.51198001293,5814.32434348186,5967.76014701492,6113.76445440244,6343.24537246678,6610.04131350575,6863.08044008011,7297.28919236566,7928.98987697554,8419.17670552951,8964.06164969493,9436.15337645886
7,2021-11-13,5020.36496900233,5259.0,5420.0,5564.0,5782.0,5962.0,6090.0,6268.0,6363.0,6433.0,6581.0,6723.0,6739.0,6865.0,7223.0,7519.0,7902.0,8485.33132095675,8721.05526096451,8995.63025946013,9513.69695267538,9816.29355654279,10526.2178785668
7,2021-11-20,6906.28,7293.5375,7616.075,8014.45,8280.55,8428.4,8604.3,8707.35,8844.575,8985.55,9091.575,9184.2,9291.025,9409.1,9502.8,9645.2,9788.8,9937.95,10217.025,10420.6,10781.7,11289.175,11853.055
7,2021-11-27,9503.85,9838.3,10059.9,10325.8,10516.45,10652.45,10824.475,10956.9,11094.725,11255.5,11375.975,11511.9,11653.575,11750.2,11838.325,12008.75,12176.85,12318.6,12614.3,12899.15,13290.8,13769.5875,14417.08
7,2021-12-04,13875.1,14211.05,14470.6,14776.35,14991.95,15122.25,15286.55,15362.05,15469.55,15547.9,15595.05,15713.1,15858.9,15983.35,16107.05,16293.05,16466.175,16631.75,16979.8,17279.2,17765.85,18306.225,18937.72
7,2021-12-11,13616.5,14015.1,14254.15,14559.7,14847.45,14982.65,15113.2,15173.75,15286.4,15370.3,15419.8,15514.35,15587.1,15636.8,15670.05,15749.55,15866.65,15947.55,16166.425,16452.85,16907.0,17544.575,18097.925
8,2021-01-16,11321.0,11500.0,11828.0,12389.0,13226.0,13346.0,13892.0,14513.0,15559.0,16884.0,17435.6012914869,17700.7147311049,17862.8162222786,18078.5379327599,18392.3774392404,18610.1235981763,18910.7670556241,19180.1381022898,19574.6614711713,20039.304498815,20834.0,22053.0,23161.0
8,2021-01-23,8679.0,9926.0,10436.0,11061.1933233744,11460.1491685358,11698.568367879,11983.3761009587,12199.7622447313,12369.5974383101,12564.4937179,13295.0,14030.0,14723.5,15046.0,15131.0,15239.0,15847.0,16024.0,16739.0,17722.0,18687.0,19494.0,20320.0
8,2021-01-30,6855.0,7242.0,7401.0,7762.0,8057.0,8341.0,8909.8,9154.47598438698,9268.58301879012,9428.0,9666.0,9924.0,10191.0,10468.0,10773.0,11082.0,11358.0,11686.0,12094.0,12638.0,13144.0,13580.0,13825.0
8,2021-02-06,5235.0,5333.0,5479.4,6119.8,6505.8,6876.2,7168.5,7504.5,7777.6,8009.2,8276.6,8525.5,8694.00577167492,8812.75452326203,8913.34273911137,9051.78275044427,9209.48203195958,9413.26295318932,9638.10016102709,10000.8281973369,10397.0492009361,10909.4596510426,11502.9479791906
8,2021-02-13,4370.0,4452.0,4548.0,4732.0,4880.0,5025.0,5197.0,5376.0,5679.6,5980.4,6251.0,6509.0,6779.0,6950.0,7068.0,7173.0,7402.0,7585.0,7970.0,8419.62164711114,8803.86346013125,9074.16819517991,9788.1293933177
8,2021-02-20,2996.0,3172.0,3507.0,3763.0,4018.0,4301.0,4488.0,4581.0,4729.0,4850.60209839963,4932.84218449632,5030.56740003618,5134.19277296098,5310.6,5513.0,5553.0,5606.18497543182,5766.79099755721,5996.70171175892,6243.57469252248,6609.50887719875,6932.54627337165,7609.0
8,2021-02-27,2731.0,3042.0,3477.0,3629.0,3738.0,3854.0,3939.0,4020.0,4112.0,4211.0,4293.0,4384.0,4486.0,4597.0,4708.0,4819.0,5066.0,5483.0,6115.2,6762.6,7486.8309321881,7793.21394596179,8375.29797980893
8,2021-03-06,2776.8,3177.0,3558.7,4151.5,4461.6,4689.4,4952.8,5189.9,5407.3,5604.2,5846.8,6053.5,6280.2,6493.2,6759.7,6979.4,7277.2,7501.0,7782.2,8193.0,8852.0,9309.1,10248.2
8,2021-03-13,4251.0,4800.0,5279.0,5789.0,6144.0,6424.0,6678.0,6945.4,7265.6,7470.8,7719.8,7940.5,8170.5,8369.6,8606.4,8896.3,9116.0,9425.4,9782.4,10699.2409829476,11294.0,11699.7,12143.7
8,2021-03-20,6546.9,7121.4,7450.8,8258.4,8655.5,9119.0,9474.0,9744.8,10018.6,10245.8,10516.1,10784.0,11021.8,11293.2,11494.7,11813.4,12071.8,12398.0,12837.5,13357.1,14151.0,14489.0,14608.0
8,2021-03-27,8980.0,9839.0,10571.0,11393.0,11940.0,12840.0,13132.0,13349.3,13809.2,14373.0,14771.8,15013.0,15432.0,16114.0,16202.0,16438.0,16937.0,17433.0,17960.0,18512.0,19172.0,20303.0,21320.0
8,2021-04-03,12539.6291491623,13291.0,13862.5,14546.5,15117.5,15669.5,16116.3843034433,16416.4245287876,16864.7040667501,17133.415613359,17391.8566444316,17799.8437549421,18114.9679224644,18495.4331210592,18924.4179759632,19236.7831745581,19653.4405320288,20037.7641623988,20906.0,21712.0,23322.0,23917.0,24697.0
8,2021-04-10,9382.10766580756,10220.4566423487,10923.5,11556.3280719763,11865.5128489225,12355.5872990129,12711.2246585796,12957.7401950286,13351.5553109737,13604.0321905426,13805.8129443468,14069.8770252778,14298.867014639,14563.9012397153,14815.2082621145,15099.4330367672,15372.5755636733,15770.0576805829,16104.4078696036,16644.8940720096,17359.204409353,18120.1142828321,18904.3637018971
8,2021-04-17,12708.0,12967.0,13177.0,13732.5668202585,14372.2792980387,14958.3845849435,15419.4064264723,15729.0,16320.0072331796,16766.7338238083,17192.0175380867,17631.5965032653,17996.1254012183,18457.1472427471,18882.4309570256,19354.1742367294,19858.0818309585,20397.7275524379,21194.6877901194,22170.3386640524,23814.2925175658,25379.6224911286,27355.9409280698
8,2021-04-24,17978.0,18158.0,18435.0,19003.0,19362.0,19889.0,20309.0,20733.0,21242.0,21606.0,22056.0,22571.0,23007.0,23542.0,24025.0,24541.0,25630.0,26464.0,27607.0,29480.6068022337,30810.9032657392,32013.0,33107.46
8,2021-05-01,21428.5049242362,22102.8727910057,22892.4310871756,23568.0,24080.0,24452.0,24853.0,25317.5110918378,25562.6510421823,25943.7145584055,26248.5634115006,26404.6133672007,26606.9003468119,26892.991932262,27127.0668658121,27496.9630571011,27936.2147842568,28629.4,29515.1226853193,30205.0718533011,31287.0,32238.0,33262.1419760199
8,2021-05-08,14850.5452409346,15651.0600948341,16459.0,17550.0,18533.0,18765.0,19553.5,20186.5,20525.9987682534,20830.0575228986,21071.9835867172,21375.0,21776.0,22482.0,22792.0,22907.0,23715.0,25018.0,26547.0,27272.0,27850.0,28351.0,28619.0
8,2021-05-15,10009.0,10207.0,10435.0,11189.8,11864.0,12234.0,12528.5,12897.3660492687,13163.6004986166,13663.0,14037.0,14428.0,14819.5,15337.0,15758.9,16061.7373544106,16359.9139979587,16610.7574574497,17173.658751128,17602.4324734377,18323.3295034791,18903.7203635529,19608.5311086689
8,2021-05-22,6164.0,6245.0,7296.0,7785.18322546522,7973.0,8252.17194380003,8395.63892994924,8568.69463614219,8725.11946592116,8856.23469172628,9015.23388102284,9166.58255443379,9301.18304701327,9462.07303758833,9688.8,9829.79680091488,9972.9504175154,10172.6728019661,10516.5688800523,10806.2437651527,11329.0986037788,11857.4865160828,12380.0092127742
8,2021-05-29,5251.0,5295.0,5363.0,5711.6,6047.5,6293.4,6551.0,6758.0,6955.6,7151.0,7354.0,7519.5,7697.4,7886.0,8105.8,8370.6,8633.0,8903.0,9130.0,9753.1,10279.4988128951,10760.9191345518,11488.2435976824
8,2021-06-05,2792.07153946226,2829.0,2944.8,3227.9,3465.0,3630.4,3791.2,3929.0,4068.5,4234.6,4324.0,4461.5,4560.0,4746.0,4808.0,4832.0,4872.0,4966.0,5010.0,5129.0,5223.0,5471.32597360998,5824.039794014
8,2021-06-12,1602.66894113642,1691.92338569894,1772.13698287003,1846.4551053305,1908.42363149706,1973.85919657934,2036.98147106475,2087.89335339976,2134.81922748904,2186.66975862887,2229.58890393484,2273.61924872726,2325.72418981315,2394.70000013624,2524.66502114282,2671.0494302306,2828.24473884398,2996.25779450913,3203.6914173127,3482.13564105204,3739.04051219943,3918.40099225628,4119.12409829908
8,2021-06-19,1493.96466596656,1557.71596008584,1617.75067606918,1729.4266623517,1806.83639805621,1884.75423508783,1941.15670683933,2006.22835038177,2068.43191108045,2125.0190478048,2235.74030029045,2339.32556676636,2497.01638553771,2590.05473825743,2666.9106520248,2736.95029974104,2805.0285841043,2911.28430003754,3022.40221610055,3125.31522062069,3498.89389882022,3828.57348500602,4219.37204035769
8,2021-06-26,516.581057152561,599.5,645.724388763923,703.792271868175,757.358807097881,807.401581920473,849.506847941722,891.223077860194,926.415026012057,976.796836829777,1021.85393727676,1097.0,1171.5,1213.7,1245.55,1285.15,1353.1,1409.1,1494.85776713555,1611.825452879,1756.759314651,1925.62890325845,2105.03961598344
8,2021-07-03,363.116928450411,399.607863683313,414.675041686802,447.975839765231,479.35,516.5,547.75,578.35,611.15,644.3,669.0,718.0,822.5,868.5,888.5,902.0,927.0,947.0,971.5,1008.0,1101.73708030538,1203.96119568155,1295.06972922012
8,2021-07-10,240.026460638767,271.111916136869,306.043838722249,350.460627060858,383.402465967601,412.644619341357,434.396427911907,451.0,473.65,495.8,520.0,540.0,580.75,615.655785216178,650.130785211727,683.971905113869,722.325887286112,771.1,808.6,862.3,917.65,985.25,1096.05
8,2021-07-17,392.0,398.0,407.0,421.0,435.0,449.0,471.0,486.0,526.0,577.0,598.0,704.0,779.0,794.0,809.0,829.0,849.0,876.0,907.0,947.0,990.0,1062.0,1177.0
8,2021-07-24,1017.0,1097.0,1175.0,1261.0,1312.0,1360.0,1403.0,1444.0,1497.51605221225,1561.68996264041,1621.62435271777,1688.9847272878,1778.51802658686,1852.16769970661,1914.0,1960.0,2046.0,2232.96072110383,2473.0,2721.0,2884.0,3024.0,3125.51364837817
8,2021-07-31,1214.0,1251.0,1264.0,1293.0,1354.14742956094,1442.87430053663,1522.60652356136,1587.28794847686,1672.62151907183,1732.47479797889,1805.97313255543,1866.14197365289,1956.84427826122,2034.33045398763,2139.31992596177,2227.1506253931,2310.0,2411.0,2486.0,2799.31248679635,3051.94509975808,3125.0,3147.0
8,2021-08-07,1336.0,1379.0,1472.0,1527.64278589884,1632.09328787967,1717.0,1776.0,1853.0,1879.0,1943.0,1989.0,2040.0,2069.0,2091.0,2219.0,2308.0,2379.0,2474.0,2579.0,3033.0,3202.0,3753.52409460965,3981.0896867633
8,2021-08-14,1385.52910589751,1482.78587200386,1611.54771910471,1763.0,1835.0,1886.0,1936.0,1994.0,2048.0,2099.0,2180.0,2360.0,2540.0,2684.80829143454,2777.0,2851.87231613556,2899.0,2916.0,3087.0,3556.75576072104,3869.20750565728,4225.68186962634,4590.15413736379
8,2021-08-21,3329.28545972875,3565.80722340997,3812.21096456343,4131.64171093047,4368.03796528625,4573.54759045333,4802.85293546326,4970.09250626209,5125.0622910624,5297.2556054623,5448.67699456514,5616.76736727307,5700.0,5794.0,5869.0,5958.0,6059.0,6176.0,6422.0,6611.0,6865.0,7198.0,7656.0
8,2021-08-28,5712.95,6202.6,6598.75,7080.6,7380.7,7636.2,7897.25,8165.4,8338.0,8386.0,8448.0,8498.0,8611.0,8767.0,9003.0,9482.0,9867.0,10114.0,10932.95,11414.8,12270.6,12827.225,13541.0
8,2021-09-04,9094.0,9252.0,9434.0,9831.0,11711.0,12333.0,12506.0,12637.0,12821.0,12963.0,13521.0,13902.0,14460.0478411756,14703.811262207,15020.6746431928,15337.160961623,15666.0819698209,16068.6033490829,16577.2516623128,17168.2680676403,18277.4310830934,19338.3148252464,20004.9333142538
8,2021-09-11,8687.0,8788.0,9037.0,10346.0,10439.0,10909.0,11079.0,11121.0,11125.0,11150.0,11413.0,11698.0,12026.0,12508.0,13126.0,13782.0,14152.0,15353.9458855486,15822.5158447771,16373.5903053669,17366.6679404246,18122.8019693105,19006.6518205111
8,2021-09-18,7276.0,7791.0,8234.0,8745.0,9090.0,9364.0,9599.0,9810.0,10006.0,10191.0,10371.0,10547.0,10724.0,10904.0,11089.0,11285.0,11496.0,11731.0,12005.0,12350.0,13102.0,13643.0,15008.0
8,2021-09-25,7794.0,8184.0,9404.0,9916.68110146116,10220.304243137,10491.2157086502,11102.0,11419.0,11506.0,11558.0,11744.5182279917,11962.1031084801,12773.0,12886.0,12890.0,12914.0,13082.6322974005,13306.0,13974.0,14417.0,15075.0,15671.0,16789.0
8,2021-10-02,6281.0,6764.9,7093.0,7593.0,7931.0,8153.6,8424.5,8596.4,8827.0,9009.0,9184.0,9357.0,9530.0,9706.0,9888.0,10079.0,10286.0,10516.0,10857.0,11384.0,11955.0,12368.0,12620.0
8,2021-10-09,6468.0,7004.0,7464.0,8016.0,8430.0,8756.0,8957.0,9379.0,9638.0,9802.0,9847.0,9869.0,10053.0,10239.0,10432.0,10636.0,10855.0,11099.0,11804.0,11989.0,12450.0,13245.0,13604.0
8,2021-10-16,7756.0,8345.0,8723.0,9293.0,9810.25,9999.0,10008.0,10154.0,10198.0,10315.0,10429.0,10540.0,10625.0,11131.0,11276.0,11433.0,11850.0,12290.0,12960.0,13740.0,14661.0,15278.0,15623.0
8,2021-10-23,8825.0,9326.0,9756.0,10253.0,10588.0,10854.0,11082.0,11288.0,11478.0,11658.0,11833.0,12004.0,12344.0,12842.0,13058.0,13269.0,13504.0,13800.0,14172.0,14672.0,15411.0,16205.0,17297.0
8,2021-10-30,15573.5,16511.5,18209.5,19371.5,20063.0,20797.5,21229.0,21711.5,22045.0,22361.0,22613.0,23181.5,24096.5,24508.5,24887.0,25468.0,26758.5,28007.5,29119.0,30027.5,32201.375,33644.7,35427.64
8,2021-11-06,23581.485,24402.775,24963.175,27597.95,28870.4,29960.0,30369.25,30745.65,31225.15,31715.0,31953.0,32412.75,34589.0,36163.2,37264.1,37985.6,38657.875,39406.9,40164.95,41154.9,42972.325,44668.6,47378.04
8,2021-11-13,24291.0,24804.0,25828.0,27572.0,30814.0,31905.0,32980.0,33335.0,33861.0,34023.0,34564.0,36138.0,37591.0,39207.0,40937.0,41780.0,42521.0,43363.0,44445.0,47531.2,49022.5,51414.0,55349.0
8,2021-11-20,51215.0,52851.0488802394,53974.3257119279,55307.162214856,56313.5453070485,56706.1495410115,57293.3906478053,57700.3232888344,58084.4120375319,58707.3127308791,58968.0220225455,59245.206550709,59673.1943970366,60005.5567129113,60368.584370572,60837.455373335,61260.0033547979,61711.141956189,62677.5286721366,63490.0457695262,64481.8641520896,66061.6718792767,67695.024454502
8,2021-11-27,55577.7,56608.8125,57400.7,58412.85,58951.15,59436.4,59880.375,60310.85,60675.825,61019.6,61366.275,61694.0,62011.75,62377.7,62748.25,63090.45,63482.75,63928.8,64478.525,65207.35,66064.875,67006.3,68411.67
8,2021-12-04,61370.65,62390.9,63170.95,64154.9,65547.9,66437.0,67303.85,68066.55,68710.4,69384.6,69824.05,70304.05,70795.0,71060.3,71401.225,71899.35,72342.3,72824.15,73640.975,74479.45,75567.475,76983.5375,78617.715
8,2021-12-11,56978.29,58885.375,60694.425,63011.0,63906.275,64420.5,64835.25,65183.5,65528.5,65860.9,66196.55,66500.75,66895.95,67203.9,67532.225,67857.8,68309.25,68818.6,69236.125,69992.05,71087.65,71997.45,73438.72
9,2021-01-16,16243.0,17754.0,18667.0,19330.0,20326.5,20917.2911191577,21411.4459769068,21862.4399808289,22190.2038531296,22525.1574462155,22866.0890426575,23264.3458170213,23604.9354385198,23949.3056705547,24399.0095984853,25802.0,27059.0,28481.0,28945.0,30219.0,31628.0,33502.0,33928.0
9,2021-01-23,11712.0,12713.9474855855,13260.7403319501,13766.1327068933,14393.9187603807,14895.094195324,15253.0012902831,16951.0,17603.0,18337.0,18801.8,19431.0,19842.0,20279.0,20735.0,21230.0,21725.0,22296.0,22962.0,23800.0,24819.0,25054.0,26036.0
9,2021-01-30,9507.0,10357.0,11052.0,11833.0,12362.0,12799.0,13162.0,13509.0,13813.0,14068.0,14355.0,14617.0,14901.0,15180.0,15455.0,15743.0,16081.0,16434.0,16843.0,17400.0,18173.0,18819.0,19657.9565572831
9,2021-02-06,8413.59722368461,8832.71677447937,9324.5663271379,9618.0,9873.0,10151.0,10334.0,10578.0,10807.0,11024.0,11219.0,11441.0,11912.5,12339.2,12831.7,13414.0,13951.1076099054,14339.9728329785,14906.0424577125,15652.5122712215,16497.1322818127,17346.8398556126,18373.2847554368
9,2021-02-13,7061.0,7344.0,7636.0,7830.0,8147.0,8435.0,8669.0,8883.0,9089.0,9273.0,9453.0,9645.0,9842.0,10174.0,10281.0,10444.0,10673.0,10909.0,11207.0,11594.0,12106.0,12585.0,13129.0
9,2021-02-20,4291.68171148391,4500.57251546143,4796.827825781,5103.0,5377.0,5606.0,5746.0,5932.71232756802,6139.0,6292.0,6534.77626414579,6685.46675139828,6833.0150388296,7003.04878614636,7171.17617336583,7385.79565859166,7644.83915007817,7934.47322632737,8265.16432180952,8652.59730788074,9346.53774411404,9937.36879679108,10967.9631628774
9,2021-02-27,5216.0,5263.0,5344.0,5493.0,5626.0,5767.0,5939.0,6130.0,6287.0,6447.0,6610.0,6759.0,6898.0,7046.0,7201.0,7371.0,7728.2,8177.6,8603.8,8906.0,9422.0,9658.0,10310.0
9,2021-03-06,4190.0,4664.5,5327.2,6139.8,6575.0,7052.2,7390.8,7827.0,8172.3,8443.0,8702.8,8991.0,9144.0,9213.0,9342.0,9361.0,9836.0,10126.0,10432.0,10592.0,10975.0,11105.0,11796.0
9,2021-03-13,6361.0,7145.0,7789.0,8527.0,9062.0,9404.0,9774.0,10066.0,10361.0,10610.0,10884.0,11140.0,11413.0,11675.0,11973.0,12323.0,12695.0,13100.0,13549.0,14049.0,14687.0,15216.0,15907.0
9,2021-03-20,9457.7,10099.2,10838.8,11483.0,11789.0,12207.0,12573.0,12956.0,13254.0,13516.0,13824.0,14167.0,14513.0,14974.0,15379.0,15849.0,16348.0,16820.0,17294.0,17994.0,18718.0,19147.0,19611.0
9,2021-03-27,10313.6,11755.0,13177.3,14279.0,14901.0,15339.0,15826.0,16173.0,16616.0,17122.0,17516.0,17923.0,19818.0,19955.0,20331.0,20609.0,22379.0,23069.0,23375.0,24623.0,26188.1139134709,27491.0,29777.942150024
9,2021-04-03,14702.5,15525.5,16315.0,17296.0,17977.0,18576.5,19102.6,19855.85,20480.8,21155.2,21808.85,22496.25,23154.9905388895,23458.8128940843,24101.6038108044,24394.7929323952,24882.8495683527,25277.5497927439,26260.7085978159,26832.1201493986,28387.5691232202,29592.7830683086,31116.0984345411
9,2021-04-10,12772.4038843265,13338.4186497568,13635.9614407764,14692.869880989,15497.5677377889,15881.1610255913,16166.7499758147,16478.5005608257,17021.6867104038,17317.1558077164,17597.0624209365,18046.8126118259,18542.7817939783,18728.3905423197,19228.9688562289,19540.15,19932.6,20373.0,20819.8681365776,21734.3584051871,22923.1381221159,24298.4150261268,25465.1461587655
9,2021-04-17,13674.0,13925.0,14287.0,15634.0,17045.0,17785.0,18389.0,18703.0,19275.0,19489.0,19585.0,20284.0,20858.0,21213.0,21635.0,23626.0,24133.0,24839.0,25806.5464326417,26918.9293751817,28450.13119669,29773.59885423,31706.866799548
9,2021-04-24,22610.3322662557,24281.871235576,25522.8727844031,26547.0106218996,27346.0,28048.0,28569.0,29232.0,29845.4935845489,30294.6320531077,30771.9679766906,31264.070499246,31771.7975448029,32216.728137206,32617.1815690919,33017.6350009778,33434.9496299957,34008.2303324849,34741.6924077285,36952.0,37820.0,38627.0,40040.323606471
9,2021-05-01,15600.7201687087,18146.0,19111.0,19574.0,20052.0,20906.0,22086.0,23022.5,23363.8619369799,23759.9982587837,23961.0,24359.0,24534.0,24764.0,25001.0,25473.0,25668.0,26105.0,28466.6696389087,29712.5058059544,30777.294491326,31891.9669337388,33836.1387336493
9,2021-05-08,12748.1,13595.9,13987.0,14412.0,14824.0,15113.0,15447.0,15786.0,16102.0,17629.0,18450.2357887113,18765.218701325,18984.0284036334,19355.1236171183,19688.0270316619,20028.433570006,20486.8148550352,20981.2487482968,21455.9462479502,22210.6952960635,23566.7214131123,24668.9449584007,25670.7663441522
9,2021-05-15,8499.5,8910.8,9598.9,10458.9,11116.1,11447.0,11676.0,11901.0,12144.0,12365.0,12591.0,13868.5,14276.9,14597.4,15033.0,15427.1,15990.5,16606.8,17240.8,18200.1,19373.8,20317.3,21656.2337522383
9,2021-05-22,5477.86354012633,5785.21670168292,6076.67228591761,6648.3,7044.1,7534.8,7729.0,7874.0,8013.0,8470.0,8864.68723078415,9032.90787408726,9214.02770770555,9411.38063184178,9618.50035167592,9835.50810095388,10144.8327434766,10442.4102526699,10823.2457685043,11210.9258356128,11955.7570197342,12502.4711177901,13582.2696656945
9,2021-05-29,4589.92745774331,5002.02753750189,5252.30735956864,5413.0,5524.0,5678.2,5886.5,6190.1,6425.9,6653.68288021856,6827.94692057776,6994.83076717515,7192.28364203092,7378.56160602994,7534.72270045727,7697.76661920387,7914.95317176195,8160.84079699163,8513.94335802613,8933.55288574081,9540.10449004043,10334.3202701726,11003.159916747
9,2021-06-05,2219.0,2479.8,2776.0,3083.94261857373,3215.69324165029,3316.49406377993,3433.87395847195,3521.92805756747,3588.99707014638,3671.36562764559,3760.60341062385,3868.68546174574,3960.66893203317,4068.15313895374,4202.80723889111,4322.67521507142,4448.72873252829,4607.69984327424,4842.86207284008,5114.0,5302.0,5385.0,5423.0
9,2021-06-12,1574.53968827172,1682.72793820774,1807.5032660383,1947.8300300271,2057.13045696125,2151.3696210115,2222.23822063142,2285.03539161254,2359.42174770072,2426.05617710439,2485.94274114122,2546.64589377817,2624.8639772898,2755.01654566287,2909.73389326226,3058.4012909752,3229.8053868676,3390.98940196996,3507.89836190425,3668.50251469704,3930.30781031126,4094.33723012788,4425.76219098191
9,2021-06-19,1420.76287250887,1512.02929229238,1578.42925841267,1673.60535039246,1752.48284907488,1810.86989259798,1868.46103211123,1907.57372807128,1962.70543608307,2022.4956111063,2085.83125641356,2171.98276889223,2282.78637306149,2381.85985975062,2489.98751345755,2617.01993675135,2751.72679808889,2902.29849810851,3080.65,3222.45,3442.6,3703.98986108377,3947.02220423889
9,2021-06-26,555.932688791732,591.171089115821,642.5,736.34149740061,769.859296294075,798.444157485593,823.439476579884,851.820950076342,875.673081768245,902.504867155849,926.05598534105,965.0,1041.0,1115.0,1145.0,1171.07747375375,1226.69807039389,1265.81761439055,1323.69157367846,1418.28818789431,1540.21631224448,1707.59832386558,1877.60119190886
9,2021-07-03,328.5,345.5,362.5,384.0,416.5,448.9,483.5,512.35,541.15,566.3,586.669788933909,609.703990742449,706.792469885567,824.421639337849,872.135496182961,897.191229781261,931.572115002481,964.91743350359,1015.21823238621,1081.78179315985,1194.54919871484,1284.71979876794,1390.22795506469
9,2021-07-10,313.8140083781,365.0,388.0,435.0,456.5,465.5,475.5,485.0,500.0,533.8,555.75,629.5,638.5,644.0,659.5,688.15,713.15,743.4,789.0,842.5,940.15,1024.55,1141.05
9,2021-07-17,558.396550122317,650.991659754963,703.821370281743,789.608869403105,867.104804843445,914.23103572923,973.636392226609,1040.04815281302,1099.60855858268,1162.84236326739,1206.0,1229.0,1277.0,1409.80319849403,1489.23143021188,1569.33102863692,1661.46597172852,1780.67166690723,1901.69278567655,2044.23477882248,2257.0,2352.0,2392.0
9,2021-07-24,1371.0,1508.0,1551.0,1733.0,1812.0,1882.0,1951.0,2010.0,2043.0,2052.0,2120.0,2141.0,2241.54906655839,2338.23396002262,2452.0,2554.0,2715.38217620439,2891.0,3057.43584785195,3309.7585273704,3518.0,3660.0,3847.0
9,2021-07-31,613.0,626.0,647.0,731.0,831.0,883.0,929.0,1010.0,1207.0,1395.0,1577.0,1755.0,1934.0,2115.0,2303.0,2501.0,2714.0,2952.0,3229.0,3568.36501556476,3992.95538533066,4364.03534594558,4873.30680838276
9,2021-08-07,1409.0,1437.0,1486.0,1563.0,1650.0,1744.0,1835.0,1931.0,2020.3,2123.6,2218.65,2281.0,2365.45,2470.6,2594.0,2736.0,2869.0,3053.8,3280.3,3562.4,4061.05,4463.0,4584.0
9,2021-08-14,1266.73729181356,1489.67456831331,1574.82153090607,1750.10279934214,1872.87375056874,1976.0,2063.0,2160.0,2253.00423963815,2335.0,2417.0,2503.0,2576.0,2699.0,2901.0,3113.0,3200.0,3275.0,3502.0,3998.14285797552,4469.11859792205,4940.99459245646,5489.00435331604
9,2021-08-21,2963.15144097675,3240.6807938587,3460.04548429334,3869.4618010435,4093.08196504534,4350.1685222163,4584.47326817658,4728.7718963491,4941.51530279893,5104.17226053673,5293.22085501136,5501.99436006703,5705.04042243855,5878.75773317489,6128.33540105588,6272.0,6334.0,6449.0,6624.0,6762.0,7007.0,7378.0,7947.0
9,2021-08-28,5140.29503395763,5510.67226867137,6029.0,6439.29801475682,6811.26522666994,7144.45908809321,7479.59058719698,7765.70280410962,8022.68109370109,8280.96715872884,8521.13769574405,8839.77685693439,9034.68025815579,9389.0,9690.0,9896.54789457223,10209.0185182402,11768.0,12577.0,13083.0,14018.0,14624.0,15509.0
9,2021-09-04,8485.0,8716.0,9063.0,9672.0,11573.0,12303.0,12624.0,12835.0,13007.0,13188.0,13334.0,13747.0,14239.0,14815.0,15435.0,15885.0,16046.0,17124.7885584633,17783.9384394586,18555.5500995242,19743.3490413233,20985.4618394979,22128.7209496316
9,2021-09-11,7645.79710050993,8186.94817637836,8540.63164026454,9644.0,9893.0,10286.0,10582.0,10625.0,10943.3426140107,11205.302664592,11544.649487843,11843.9736074623,12138.1274164163,12423.2633412941,12792.8282471504,13375.0,14257.0,14416.0,14628.0,15207.506449184,16419.1516331573,17365.8031758945,18289.0586109887
9,2021-09-18,10266.0,10801.0,11260.0,11790.0,12147.0,12431.0,12675.0,12894.0,13097.0,13740.0,15306.0,15596.0,15804.0,15826.0,16437.0,16982.0,17088.0,17367.0,17460.0,17711.0,19273.0,19940.0,21135.0
9,2021-09-25,9403.0,9627.0,9881.0,10456.0,11204.0,11476.0,11744.0,12135.0,12485.0,12820.0,13092.0,13453.0,13803.0,14283.0,14740.0,15219.0,15713.0,16116.0,16375.0,16712.0,17298.0,17871.0,18755.0
9,2021-10-02,8710.0,9322.0,9691.49723057784,10200.6697427396,10535.4860874322,10751.0270417977,11065.4639896875,11294.92711323,11487.983334004,11664.4466640092,11887.0623053982,12137.9740932227,12328.9745201093,12607.0,12857.0,13199.4302359943,13543.2127531777,13920.8258341178,14317.123524607,15010.1176247009,15806.3727784559,16481.0,16856.0
9,2021-10-09,9750.2211418583,10331.9345035642,10842.2811163939,11543.7646634788,12067.6329513805,12500.3878801894,12911.3168237218,13076.0,13202.0,13378.0,13513.0,13532.0,13572.0,13586.0,13806.0,13811.0,14029.0,14283.0,14761.0,15488.0,16110.0,16649.0,17008.0
9,2021-10-16,10847.0370850999,11442.0,12047.2050030865,12405.0,12510.0,12697.0,13035.0,13088.0,13189.0,13312.0,13332.0,13514.0,13810.0,14219.0,14650.0,15044.0,15537.0,16008.0,16571.0,17266.0,18215.0,18733.0,19137.0
9,2021-10-23,13620.0,14300.0,14596.0,15106.0,15455.0,15881.0,16252.0,16692.0,17076.0,17397.0,17660.0,17913.0,18131.0,18378.0,18606.0,18899.0,19160.0,19505.0,19951.0,20543.0,21312.0,22080.0,23061.0
9,2021-10-30,27940.1642729411,29305.1467331609,30208.6253980428,31448.9992622249,32115.5234417842,32755.3837632837,33352.6269907207,33736.2164173404,34246.7525844606,34739.9034051763,35208.3293004039,35918.2115564058,36672.9694021955,37554.6356320846,39117.3751808083,40463.7944000171,41613.8948938505,42548.2838435244,43590.7761963858,45000.6652438658,46869.3889656894,48921.9986786663,51125.1848136285
9,2021-11-06,35166.6318482842,35940.4932760856,36775.4996530753,37835.3198817009,39738.5629551849,40532.1338007277,41272.1160203141,41685.2002580151,43129.6139204969,44163.622370138,44889.4336178237,46369.0034852087,47417.2415969086,48401.3156120917,48969.1666992163,49904.8029768042,50670.4329951598,51910.9070621102,54184.3240834982,57228.3212300803,59717.9006174882,62379.1708453904,65210.2823938752
9,2021-11-13,47487.381056772,48852.238920417,50446.4722999315,51812.0,52776.0,54370.3759657946,54694.0,55021.0,55691.0,57402.0,58107.7418815247,58863.51471565,59683.9111119521,60509.9758231144,61177.333118115,61986.1834644692,62891.6080013009,63696.7844272545,64756.8987325978,66135.7968652932,73129.0,76410.0,80697.0
9,2021-11-20,88701.25,92109.5875,93237.625,95181.35,96607.475,97259.95,98245.225,99009.15,99438.075,100257.05,100732.25,101129.2,101813.6,102387.95,103041.5,103783.5,104665.525,105406.0,106703.1,108012.55,109857.1,111929.4625,115051.735
9,2021-11-27,106191.35,108674.1625,109672.975,111486.45,113104.9,113774.7,114584.5,115238.7,115666.075,116640.1,117049.25,117491.35,118204.25,118671.9,119169.425,119872.8,120666.575,121363.3,122652.925,123981.3,125866.0,128313.3375,131138.02
9,2021-12-04,81181.3,82448.75,83385.4,84527.45,85457.65,85922.2,86608.35,87072.4,87899.3,88598.35,88977.1,89604.05,90240.55,90779.45,91407.85,92183.25,93070.95,94063.85,95477.85,96778.5,99166.2,102049.55,105340.35
9,2021-12-11,56670.6,58322.55,60302.5,62663.0,64333.5,65562.0,66652.0,67651.5,68591.5,69441.5,70361.0,71209.0,72062.5,72873.0,73638.0,74192.2,74797.75,75451.8,76151.95,77123.9,78678.925,79918.475,81382.35
10,2021-01-16,834.0,851.0,884.0,1015.0,1145.0,1253.0,1342.0,1420.0,1496.0,1561.0,1624.0,1689.0,1755.0,1823.0,1890.0,1961.0,2035.0,2122.0,2222.0,2347.0,2535.0,2710.0,2908.0
10,2021-01-23,588.9,665.0,791.9,905.5,1022.0,1095.0,1174.0,1247.1,1277.0,1330.0,1344.0,1420.0,1474.0,1516.0,1582.0,1632.0,1687.0,1746.0,1823.0,1911.0,2039.0,2150.0,2309.0
10,2021-01-30,609.0,784.0,815.0,862.0,911.0,952.0,993.0,1033.0,1070.0,1111.0,1150.0,1191.0,1231.0,1271.0,1359.0,1393.0,1427.0,1473.2,1532.0,1618.1,1816.0,1913.0,2020.0
10,2021-02-06,807.0,822.0,855.0,924.0,998.0,1063.0,1114.0,1163.0,1205.0,1243.0,1282.0,1322.0,1366.0,1409.0,1462.0,1534.0,1588.0,1719.4,1877.2,2109.1,2387.63520807716,2528.74982235179,2646.57851171273
10,2021-02-13,707.0,726.0,752.0,861.0,930.0,988.0,1037.0,1080.0,1121.0,1159.0,1195.0,1232.0,1270.0,1310.0,1349.0,1390.0,1434.0,1482.0,1538.0,1616.0,1746.0,1860.2,2033.0
10,2021-02-20,407.0,449.9,501.9,546.0,585.0,620.0,648.0,679.0,710.0,745.0,783.0,815.0,847.0,878.0,902.0,949.0,988.0,1038.0,1089.0,1149.0,1211.0,1254.0,1342.0
10,2021-02-27,298.0,360.0,399.755147420044,421.957097048691,435.773861742983,451.195853500811,465.540252044952,480.695854257692,490.818551627066,500.557348154637,510.955938297553,531.0,551.0,570.0,599.0,628.0,654.0,682.0,711.0,754.0,794.0,823.0,855.0
10,2021-03-06,406.0,451.0,476.9,518.0,545.0,580.0,610.0,638.0,667.0,689.0,730.0,759.0,790.0,815.0,851.0,888.0,906.0,936.0,961.0,1034.0,1155.0,1185.0,1233.0
10,2021-03-13,393.0,399.0,414.0,438.0,498.0,549.0,564.0,592.7,606.0,618.0,634.0,648.5,661.0,676.0,690.0,711.0,735.0,767.0,802.0,838.0,889.0,920.0,974.0
10,2021-03-20,368.0,387.0,390.0,411.0,432.0,455.0,471.0,491.0,505.0,521.0,544.0,556.0,577.0,620.0,631.0,686.0,702.3,726.0,749.0,789.0,839.0,879.0,926.0
10,2021-03-27,345.0,388.9,412.9,453.0,490.9,514.0,538.5,557.0,573.0,589.0,605.0,625.0,644.0,660.0,683.0,711.9,738.5,771.2,792.0,843.0,908.0,950.0,962.0
10,2021-04-03,467.45,490.5,514.0,566.5,595.95,637.0,695.5,712.0,761.5,776.5,806.0,856.25,876.95,906.4,937.0,974.0,1026.15,1065.6,1110.25934725975,1174.1358218979,1284.4942223941,1346.90947947332,1446.6946697268
10,2021-04-10,483.0,509.5,558.0,614.5,713.5,767.0,827.0,869.003186530553,899.091205786159,921.199525735044,939.03589718188,956.930209420623,977.051231725991,998.194915332858,1020.11570662377,1042.5841552737,1069.00978040573,1103.95844723354,1158.61420387218,1227.75978425949,1330.8214497615,1391.60381529463,1444.13467146556
10,2021-04-17,874.9,929.0,997.0,1070.0,1145.0,1190.0,1239.0,1257.0,1318.0,1361.0,1456.0,1538.0,1566.0,1636.0,1692.0,1781.86025445893,1825.67359291133,1890.0,1977.0,2045.0,2148.55884802789,2404.0,2507.0
10,2021-04-24,1033.0,1066.0,1155.0,1262.0,1360.0,1409.0,1452.94020858857,1488.94536482988,1526.0,1576.0,1598.98859022234,1641.0,1673.70441575496,1710.01854087474,1747.64105865762,1787.33565538965,1850.0,1885.0,1987.0,2132.0,2260.0,2312.0,2415.0
10,2021-05-01,954.0,1059.9,1126.9,1222.9,1293.8,1358.0,1408.5,1456.7,1505.7,1546.0,1594.0,1635.5,1690.0,1729.4,1762.0,1813.0,1875.0,1949.0,2028.3,2138.4,2275.2,2435.76592710835,2541.20623898222
10,2021-05-08,840.0,891.0,975.9,1109.0,1190.0,1242.6,1303.0,1356.7,1401.7,1450.6,1499.5,1526.5,1551.45,1575.4,1613.0,1741.0,1764.0,1776.0,1834.0,1903.0,2053.0,2151.0,2280.0
10,2021-05-15,664.0,718.0,777.0,827.0,876.0,901.0,922.0,944.0,964.65,985.6,1002.0,1020.5,1040.0,1057.4,1080.0,1132.0,1184.5,1251.2,1318.3,1407.0,1544.1,1648.0,1717.0
10,2021-05-22,465.0,490.0,549.215269956789,576.778389849722,595.265848314494,611.624447925747,628.655318753901,643.893466336986,655.097986618666,666.078416494712,685.0,713.0,745.4,775.0,818.7,869.0,905.0,931.2,968.15,1010.1,1087.2,1173.05,1264.04
10,2021-05-29,455.0,539.0,557.0,581.0,644.0,650.0,656.0,668.0,673.0,691.0,715.0,723.0,741.0,778.0,800.0,829.0,849.0,876.0,901.0,944.0,1016.0,1069.0,1207.26
10,2021-06-05,140.535002960963,143.231638415548,146.867746867215,175.0,184.0,194.0,203.0,213.0,221.0,230.0,238.0,246.0,255.0,265.0,277.0,288.0,300.0,313.0,324.0,342.0,363.0,373.0,381.0
10,2021-06-12,120.0,135.5,146.0,162.0,171.5,180.5,197.169841877024,214.0,219.825,226.0,231.0,237.5,243.0,249.5,256.5,263.65,275.125,286.0,304.6,328.55,363.05,394.5125,423.015
10,2021-06-19,100.495,108.975,113.0,122.45,129.0,135.5,141.5,146.754124134436,163.678438949352,174.0,178.5,185.0,190.0,196.0,202.175,208.5,218.15,228.0,242.1,261.152258551574,284.332340847663,312.029749729064,341.075948748337
10,2021-06-26,38.0,50.0,54.0,58.5,63.875,67.5,72.0,76.5,79.5,84.0,92.0,97.25,101.5,106.7,112.5,118.0,123.5,128.0,134.0,141.0,155.5,171.0125,188.005
10,2021-07-03,24.5,27.5,30.0,33.0,35.0,37.0,39.5,41.5,43.5,45.8,48.0,56.25,60.5,64.5,69.0,73.0,78.5,84.5,91.0,97.05,110.025,120.0,130.005
10,2021-07-10,23.9987773335619,25.4987773335574,27.4987773335616,30.999144133496,34.0007539777325,36.999918488943,39.5010188888046,42.0008151110486,44.0,45.0,54.5014468220604,57.5000000000247,60.0040755550031,64.0030159107157,68.5,71.5,76.5,80.0,85.5,93.05,108.0,122.0,130.5
10,2021-07-17,53.0,58.0,60.0,65.0,68.0,72.0,77.0,81.0,84.0,87.0,90.0,96.0,102.0,107.0,119.0,121.0,128.0,132.0,139.0,152.0,166.0,176.0,182.0
10,2021-07-24,48.0,51.0,54.0,57.0,59.0,61.0,63.0,64.0,66.0,68.0,80.0,82.0,88.0,90.0,92.0,95.0,102.0,108.0,116.0,132.0,145.0,168.0,223.0
10,2021-07-31,3.0,8.0,66.0,102.0,115.0,150.0,231.0,268.0,279.0,291.0,316.0,324.0,330.0,334.0,336.0,352.0,363.0,375.0,378.0,419.0,487.0,545.0,613.0
10,2021-08-07,141.507806614683,163.718902795458,175.7299184528,195.696204447861,208.952590138681,220.922698422019,230.591881890158,243.660399595819,256.141073823595,265.889458281602,280.43148073667,291.853037729333,302.823787126873,316.529057419599,326.272836862159,338.091687385318,352.276349862578,373.15013761309,408.0,454.0,515.0,540.0,575.347408816338
10,2021-08-14,223.0,228.0,242.0,292.0,372.0,394.0,409.0,413.0,414.0,421.0,430.0,438.0,442.0,443.0,455.0,472.0,488.0,489.0,509.0,541.0,606.0,664.0,732.0
10,2021-08-21,289.0,299.0,311.0,335.0,353.0,374.0,390.0,406.0,427.0,445.0,469.0,491.0,510.0,530.0,558.0,585.0,618.0,654.0,694.447464669201,735.003110090645,800.0,841.0,867.0
10,2021-08-28,595.159775545908,623.0,653.0,696.0,749.0,824.0,852.0,875.0,917.0,958.0,999.526169177213,1021.88155752688,1045.49517654025,1066.79629107982,1094.0,1117.0,1137.0,1165.0,1200.0,1243.0,1317.0,1378.0,1542.0
10,2021-09-04,706.0,724.0,747.0,794.0,849.0,916.0,942.394691285371,970.0,1017.0,1059.0,1103.0,1148.0,1173.0,1188.0,1203.0,1221.0,1252.64419250962,1291.9399101223,1349.27772729268,1427.95727485573,1537.17013658815,1621.25132519108,1784.25345060149
10,2021-09-11,803.0,826.0,850.0,899.0,949.0,989.0,1027.0,1061.0,1081.0,1098.0,1111.0,1129.0,1145.0,1194.0,1221.0,1255.0,1281.0,1357.0,1489.0,1568.9446841635,1670.04733835445,1778.87265500427,1866.0
10,2021-09-18,511.791205611495,529.25213613647,561.231737519637,598.253458152419,620.169272155447,639.406983808653,655.0,664.0,673.0,700.595981943191,719.319941662955,734.634698215479,752.256013149299,765.937166198061,783.27128107987,806.423131920882,830.148713380248,858.104161318447,891.945680597779,938.438046228591,997.0,1054.82933571155,1137.78467382152
10,2021-09-25,367.0,402.0,431.0,460.0,479.0,494.0,507.0,519.0,530.0,545.0,566.0,589.0,611.0,634.0,658.0,683.0,710.0,736.0,775.0,811.0,880.290544617654,936.892088209475,975.587721677072
10,2021-10-02,376.0,401.95,422.0,444.0,462.0,477.8,491.0,507.0,519.0,537.6,555.0,567.0,584.0,600.4,613.35,633.0,646.0,660.0,675.0,696.0,731.0,798.0,921.06
10,2021-10-09,229.979999999997,241.949999999997,251.0,262.0,300.999999999999,314.999999999999,328.999999999999,339.699999999999,349.999999999999,361.999999999999,384.0,400.0,406.0,412.0,418.350000000001,436.0,451.000000000001,464.200000000002,492.000000000001,531.100000000002,583.000000000003,629.000000000002,680.060000000004
10,2021-10-16,326.99,354.0,362.0,377.0,391.0,403.0,417.0,430.0,445.0,469.0,493.0,516.0,539.0,562.0,587.0,602.0,625.0,652.0,678.0,707.0,753.0,800.0,854.0
10,2021-10-23,464.94,516.0,537.95,606.0,627.0,653.0,678.0,707.0,728.0,747.6,764.1,787.5,813.45,837.4,868.0,901.0,921.0,938.0,961.0,994.0,1044.0,1080.0,1145.0
10,2021-10-30,251.0,287.5,337.5,382.0,408.0,431.0,461.0,490.5,513.0,536.0,555.5,574.0,593.725,612.0,633.175,654.5,680.5,706.2,739.575,781.55,841.025,891.0375,959.02
10,2021-11-06,460.975,512.4625,568.925,647.9,699.85,744.4,775.875,805.85,836.5,867.8,900.5,934.0,965.0,999.0,1040.0,1078.15,1125.625,1202.0,1310.225,1458.1,1548.525,1647.0375,1754.5
10,2021-11-13,1069.0,1083.0,1126.0,1207.0,1267.0,1336.0,1373.0,1410.0,1477.0,1512.0,1549.0,1597.0,1646.0,1709.0,1780.0,1850.0,1921.0,1994.0,2106.0,2194.3,2288.05,2396.35,2577.0
10,2021-11-20,1968.1,2101.15,2203.125,2308.0,2378.0,2419.35,2477.5,2518.35,2554.4,2596.45,2626.45,2655.65,2697.875,2729.45,2761.75,2805.35,2854.025,2900.45,2985.3,3064.7,3171.65,3338.8625,3472.175
10,2021-11-27,4252.385,4423.5625,4541.225,4713.6,4827.075,4888.85,4962.55,5022.85,5090.3,5151.0,5188.625,5230.5,5289.475,5352.25,5396.525,5445.7,5517.475,5581.95,5702.05,5814.15,5994.1,6178.75,6355.375
10,2021-12-04,4616.56106805128,4746.13498535546,4847.31631784104,4986.32403030605,5083.53862438111,5147.17885145645,5224.80787078767,5264.30310611117,5317.43405725323,5368.65104326024,5400.17053289391,5448.49350723224,5499.71456823117,5535.42178077159,5572.60133195565,5624.04943989123,5675.04571180146,5739.63046636446,5826.62101924721,5923.59845127636,6061.82435170817,6199.2619480395,6423.40657816663
10,2021-12-11,3154.62,3315.3375,3444.975,3600.75,3709.425,3788.4,3836.5,3878.35,3918.65,3960.0,4002.775,4041.25,4078.0,4117.0,4155.35,4203.5,4253.0,4310.6,4368.575,4451.05,4586.775,4692.55,4869.455
11,2021-01-16,4178.0,4712.0,5108.0,5558.0,5781.0,5862.0,6237.0,6579.0,6755.0,7054.0,7282.0,7560.0,7901.0,8084.0,8293.0,8512.0,8737.0,9018.0,9331.0,9722.0,10265.0,10750.0,11306.0
11,2021-01-23,4442.0,4835.0,4944.0,5107.0,5277.0,5427.0,5578.0,5707.0,5863.0,5971.0,6095.0,6224.0,6594.8,6962.6,7180.0,7318.0,7457.0,7630.0,7813.0,8054.0,8433.0,8729.0,9064.0
11,2021-01-30,2666.99,2778.875,3288.0,3467.0,3573.0,3697.0,3802.0,3885.0,3992.0,4096.0,4187.0,4301.0,4421.0,4515.0,4679.4,5072.2,5290.0,5475.0,6064.0,6354.0,6520.0,6598.0,6646.0
11,2021-02-06,2103.9,2215.95,2328.95,2458.3,2538.7,2603.0,2667.0,2728.4,2783.0,2851.2,2919.55,2994.5,3049.9,3120.8,3181.0,3269.1,3404.5,3532.0,3596.0,3646.1,3987.0,4352.0,4964.0
11,2021-02-13,1496.0,1520.0,1565.0,1620.0,1675.0,1724.0,1771.0,1849.0,1922.0,1987.0,2057.0,2146.5,2252.0,2377.4,2454.0,2476.0,2514.0,2565.0,2669.0,2800.0,2989.0,3153.0,3328.0
11,2021-02-20,1216.0,1244.0,1285.0,1363.0,1423.0,1482.0,1541.0,1581.0,1639.0,1689.0,1741.0,1799.0,1861.0,1933.0,1998.0,2061.0,2138.0,2218.0,2324.0,2486.0,2674.29417646515,2812.53071960258,2872.0
11,2021-02-27,1364.0,1388.0,1415.0,1471.0,1514.0,1565.0,1610.0,1660.0,1705.0,1757.0,1800.0,1851.0,1904.0,1965.0,2019.0,2081.0,2194.0,2377.0,2606.0,2695.0,2970.0,3257.0,3551.51267939939
11,2021-03-06,1003.0,1295.0,1402.0,1621.0,1802.6,1949.4,2108.8,2214.7,2311.3,2421.0,2539.0,2617.5,2726.9,2838.4,2957.0,3058.9,3175.2,3315.2,3503.2,3689.2,3895.2,4230.1,4545.91466259281
11,2021-03-13,1563.9,1841.9,2086.8,2347.0,2436.0,2549.0,2633.0,2716.0,2794.0,2876.0,2954.502095495,3005.53250736024,3065.69727247679,3135.99891734404,3201.10448392524,3258.43810158956,3331.70050904626,3399.10798055127,3468.37787246285,3605.66295747346,3796.15430641778,4277.0,4508.0
11,2021-03-20,1644.8,2201.0,2244.0,2447.3,2594.9,2724.6,2843.8,2979.4,3114.3,3208.8,3326.6,3460.0,3570.0,3665.8,3765.3,3901.9,4057.0,4202.0,4375.5,4616.0,4839.82899288678,4970.1905947685,5195.39331744369
11,2021-03-27,2228.7,2556.3,2747.8,3211.0,3437.0,3671.0,3783.0,3951.4,4109.6,4226.0,4378.1,4520.5,4635.60476927819,4741.0,4918.0,4993.0,5244.0,5362.0,5450.0,6285.6,6914.0,7346.0,7924.0
11,2021-04-03,4190.25088215764,4584.03152126944,4945.79308896142,5404.8400630498,5707.33218617058,5988.80772554722,6181.75,6413.05,6557.35930183563,6670.49794221044,6791.48496559605,6992.42435227357,7171.94603575289,7362.63480051148,7543.00611083944,7769.11382263409,7945.09334390494,8051.88249771275,8233.47615897561,8468.15790260917,8820.99672616912,9161.90482688883,9837.38468069055
11,2021-04-10,3293.16579383474,3510.71211680564,3682.878776997,3969.30045544605,4090.36204221197,4302.09250132189,4492.09976551918,4650.70614881841,4786.25488979899,4856.30378890619,5014.63878273489,5054.14136552551,5132.72371119348,5179.74144328341,5263.22411611033,5353.89080195664,5548.15050844813,5689.66186549457,5922.05,6120.15,6811.05,7372.85,7637.5
11,2021-04-17,3065.0,3112.0,3202.0,3354.0,3825.0,3855.0,3905.0,4040.0,4451.0,4559.0,4702.0,4826.50562667428,4907.0,4956.0,5115.0,5243.701815196,5399.03022906088,5541.41460843703,5693.25175783116,5816.24002262338,6018.50457947941,6189.95933676493,6328.82961393254
11,2021-04-24,4421.0,4479.0,4617.0,4770.0,4970.0,5119.0,5261.0,5421.0,5576.0,5728.0,5907.0,6026.0,6196.0,6368.0,6518.0,6707.0,7852.87064252474,7993.96272216655,8136.31082571802,8344.87260432671,8815.0,9674.3,10252.5
11,2021-05-01,3909.7126874028,4074.60967150107,4249.45160656027,4437.83580368637,4522.36771733646,4613.53693287416,4694.40789413056,4765.30057112041,4837.0,4903.0,5218.0,5349.0,5406.0,5631.0,5767.0,5971.3,6216.8,6527.6,6728.01634263701,6896.08811244321,7197.79743580264,7542.13959833242,8035.69669795845
11,2021-05-08,3045.31643469744,3201.10533729538,3358.72705051212,3537.73155428152,3661.14080261401,3768.0547553773,3855.41872820673,3939.11707979857,4009.98575705881,4131.0,4281.0,4375.0,4490.0,4589.0,4691.0,4828.0,4960.0,5109.0,5222.0,5361.0,5519.0,5558.0,5769.48395110615
11,2021-05-15,2449.0,2506.0,2724.0,2922.70646168219,2963.42792322445,3004.5649098845,3037.39139418898,3073.95760455346,3104.70646326904,3170.2,3286.0,3291.0,3315.0,3371.0,3516.0,3648.81245105946,3703.59358400579,3760.52519648711,3825.28790143791,3959.70441183297,4118.05388296183,4245.63356894973,4448.1334248887
11,2021-05-22,1370.15531018446,1436.62145055318,1498.25368980418,1589.9,1766.7,1860.4,1930.61356246741,1957.08555826328,1985.82676282506,2018.92321217602,2047.3992881474,2084.10705805167,2108.99905686182,2139.16933486924,2172.72985181208,2204.1798660793,2238.67244782572,2277.10036148656,2327.05064381038,2389.0079703444,2500.43794010222,2602.19585756475,2758.99552507097
11,2021-05-29,1003.48582128948,1029.0,1049.0,1147.0,1275.0,1339.0,1439.79771584349,1477.71466139225,1511.35927504819,1543.66878498763,1576.51233641366,1605.0,1636.05796216981,1674.0,1707.0,1734.85563719122,1770.36939605027,1820.03525430428,1867.29792586858,1938.32544358667,2031.24866225546,2128.44421281706,2250.73971324897
11,2021-06-05,609.0,649.0,719.0,750.0,770.0,784.0,806.0,814.0,845.9,887.0,931.650331904373,947.306564096642,964.664560657635,979.299734228669,994.44543711032,1012.14378654506,1036.47901701782,1060.64407105372,1091.61618256451,1131.43746879267,1206.99580676406,1287.99979071536,1393.5091815763
11,2021-06-12,386.708966105002,428.596414974938,463.974308215693,488.95,516.5,568.501120401964,617.058129819467,661.639835587842,679.680520677917,696.579216219606,710.786106580474,729.41348741303,763.007450900768,789.316263444209,824.014994353733,862.036379632071,900.089036074029,942.757618671302,1004.58909454525,1072.47247936058,1145.63288676598,1219.59986140396,1306.60832303586
11,2021-06-19,223.185564378627,233.758645155054,246.661613833649,281.501330863018,306.528524740803,327.38221350999,344.569711449884,364.810156967496,413.0,427.8,440.5,455.5,471.5,489.0,509.0,527.45,553.0,585.161715224191,623.787452125104,671.474937433794,760.205908580245,855.160706859503,967.386399038784
11,2021-06-26,70.5,77.0,92.5,105.226817002409,111.224082730024,117.032746666088,122.044441095618,127.0,132.0,136.5,151.0,164.357898112407,169.282507203129,176.029627147567,181.161499249637,189.370608662825,196.749137128558,205.725365083707,215.467900714548,230.769944419221,251.569412232793,268.375331962636,294.383948820206
11,2021-07-03,61.45,70.0,77.0,100.0,114.5,125.0,131.885294478415,140.16024575447,145.509321874961,151.220492087829,177.173076691394,191.973139664492,202.281395037837,214.479200655389,229.9473587297,245.318456969411,260.670448292609,280.414776495649,307.622568659016,344.386152767328,398.972742451956,440.830122013985,489.472039571251
11,2021-07-10,54.5373609391288,59.415221629338,62.944085017108,70.169013225536,77.9502416959383,86.8793729164291,94.8783168535277,101.661165215998,108.729338351802,117.102301039458,152.392662173061,158.399921367905,163.000763516443,170.059420807752,176.799979513801,183.144597411952,191.419746087801,201.024450271153,215.899992170419,237.23633022467,279.468543467029,314.229141824705,359.619894725587
11,2021-07-17,126.0,130.0,158.0,177.0,182.0,193.0,205.0,211.0,225.0,228.0,241.0,275.0,343.0,370.432039239294,391.584706744612,410.777994305019,429.583591964753,454.324059549293,481.634874089469,511.0,562.0,603.0,650.0
11,2021-07-24,386.0,398.0,419.0,469.0,503.0,547.0,586.0,629.0,676.0,718.0,768.0,823.0,871.0,929.0,1012.0,1085.0,1151.0,1200.51672378092,1240.27392146531,1295.54918913471,1471.0,1641.0,1838.0
11,2021-07-31,329.0,352.0,374.0,389.0,403.0,420.0,438.0,446.0,458.0,467.0,481.0,508.0,536.0,577.0,617.0,692.0,772.0,862.0,966.0,1221.0,1628.68578567029,1709.6155579112,1803.63915306816
11,2021-08-07,639.484536357431,680.211086301397,743.418577854129,825.550174782696,880.207707425748,927.19710037522,962.782636843583,998.369376682347,1049.0,1136.0,1224.0,1294.0,1304.0,1356.0,1379.0,1393.0,1411.0,1429.0,1517.0,1652.0,1851.0,2024.0,2224.0
11,2021-08-14,1010.0,1043.0,1109.0,1454.0,1489.0,1525.0,1578.0,1676.0,1807.0,1871.54252167588,1925.0,1959.0,2009.0,2093.70465363255,2165.41847989884,2240.0959943419,2312.61002111694,2384.02675659889,2449.0,2488.0,2644.0,2894.60973335607,3028.25947634086
11,2021-08-21,1906.0,2103.0,2258.0,2458.0,2578.0,2681.0,2814.0,3041.0,3070.0,3142.0,3196.0,3332.0,3470.0,3800.0,4110.0,4310.0,4417.5477127613,4509.25267579097,4642.50064860306,4738.91699640725,5005.43030568411,5220.02537903059,5467.93302341414
11,2021-08-28,1635.0,1675.0,1766.0,1979.0,2145.0,2315.0,2455.0,2602.0,2710.03364792915,2764.44982892189,2827.9870633284,2885.41921672035,2936.90272905135,3002.44813055812,3072.52102442445,3136.81382584514,3218.35190219494,3306.75774267858,3412.90704280363,3549.59512383122,4052.0,4358.0,4717.0
11,2021-09-04,1403.0,1517.0,1603.0,1762.0,1886.0,2001.0,2124.0,2266.0,2365.0,2489.0,2625.0,2809.0,2835.0,2853.0,2904.0,2935.0,3080.0,3296.0,3562.0,3661.0,3796.0,3967.0,4357.0
11,2021-09-11,2053.0,2235.0,2392.0,2573.0,2695.0,2792.0,2875.0,2991.0,3158.0,3354.0,3505.55,3571.5,3623.45,3701.4,3783.0,3850.3,3921.25,4016.6,4116.35,4287.1,4497.1,4677.825,4905.16
11,2021-09-18,2200.0,2385.0,2544.0,2728.0,2956.0,3197.0,3351.0,3479.0,3520.0,3649.6,3720.1,3772.5,3833.0,3887.8,3960.0,3971.0,3989.0,3999.0,4132.0,4256.0,4647.4,4827.1,5129.2
11,2021-09-25,1839.0,1944.0,2220.0,2350.0,2456.0,2536.4,2615.0,2695.0,2770.0,2840.0,2909.0,2976.0,3043.0,3111.0,3159.0,3256.0,3337.0,3426.0,3530.0,3661.0,3855.0,3994.0,4220.0
11,2021-10-02,1571.0,1750.0,1807.0,1919.0,2019.0,2104.0,2194.0,2264.0,2344.0,2447.0,2525.0,2609.0,2706.0,2762.4,2804.0,2859.9,2924.75,3007.2,3103.0,3192.5,3405.0,3540.1,3840.0
11,2021-10-09,1787.0,1976.0,2138.0,2326.0,2412.0,2471.0,2541.0,2598.0,2652.0,2702.0,2768.0,2825.0,2881.0,2954.0,3033.0,3104.0,3202.0,3330.0,3496.0,3647.0,3837.0,4004.0,4387.0
11,2021-10-16,2183.85,2309.825,2393.0,2507.0,2631.0,2742.0,2831.0,2928.0,2993.65,3053.0,3109.0,3171.5,3225.0,3291.6,3352.05,3436.2,3507.25,3585.2,3677.3,3793.1,3984.1,4127.5,4394.43
11,2021-10-23,2892.87,3048.625,3162.8,3301.0,3382.0,3437.0,3484.0,3527.0,3658.0,3714.0,3771.0,3786.0,3898.0,4042.0,4097.0,4212.3,4288.75,4353.0,4503.0,4680.7,4911.0,4970.0,5229.0
11,2021-10-30,3227.0,3495.0,3638.5,3844.5,4041.0,4200.0,4358.0,4458.5,4597.0,4726.5,4873.5,4985.0,5083.0,5199.0,5325.5,5451.5,5591.5,5780.0,5954.5,6238.0,6627.0,6949.0,7520.005
11,2021-11-06,4352.78,4541.9875,4721.175,4962.2,5123.925,5285.9,5467.375,5645.9,5851.5,6137.9,6413.55,6740.0,6915.725,7148.0,7437.5,8018.95,8227.625,8354.6,8722.5,9050.15,9578.175,10001.0375,10653.61
11,2021-11-13,6815.0,7015.0,7187.0,7386.0,7928.0,8174.0,8309.0,8500.0,8652.0,8843.0,8989.0,9210.0,9352.0,9601.0,9791.0,10195.0,10550.0,11155.0,11306.0,12041.7394588334,12664.0542991167,12984.2463078171,13386.2485216421
11,2021-11-20,11848.7,12333.4,12761.75,13218.55,13590.35,13826.85,14126.4,14325.8,14541.65,14798.2,14991.65,15178.05,15385.9,15582.5,15787.0,16052.55,16326.25,16614.3,17112.0,17408.25,17716.65,18111.0,18514.475
11,2021-11-27,13510.625,13870.65,14090.725,14354.0,14579.875,14667.6,14806.3,14895.35,14969.075,15108.3,15158.475,15242.75,15342.275,15397.45,15452.325,15551.85,15674.725,15750.4,15955.825,16108.15,16339.4,16680.7375,17036.935
11,2021-12-04,13650.0,14034.5,14290.0,14594.0,14802.0,14991.0,15141.0,15281.5,15457.0,15597.0,15723.825,15807.25,15887.675,15967.9,16048.35,16130.6,16227.125,16339.1,16460.0,16607.55,16852.575,17141.275,17557.34
11,2021-12-11,11595.85,11978.4625,12257.2,12617.6,12922.0,13075.15,13233.65,13301.4,13421.3,13514.85,13686.5,13861.5,14046.45,14242.2,14388.35,14472.5,14557.125,14659.3,14786.075,14939.7,15174.8,15492.5,15933.65
12,2021-01-16,5298.9,5822.8,6112.0,6351.0,6632.0,6908.0,7140.0,7336.0,7535.0,7713.0,7896.0,8110.0,8326.0,8532.0,8788.0,9003.81137964911,9082.3852337423,9182.0,9448.0,9776.0,10286.0,10758.0,11260.0
12,2021-01-23,4873.0,5239.0,5543.0,5911.0,6144.0,6335.0,6486.0,6627.0,6752.0,6880.0,6993.0,7168.0,7375.0,7707.0,7782.0,8044.0,8194.0,8433.0,8655.0,8828.0,9476.0,9593.0,10254.0
12,2021-01-30,4640.0,4756.0,4904.0,5193.0,5467.0,5701.0,5944.0,6180.0,6381.0,6528.0,6730.0,6788.0,6891.0,6917.0,7005.0,7171.0,7318.0,7533.0,7853.0,8344.0,8811.0,9192.0,9794.0
12,2021-02-06,3008.0,3213.925,3368.9,3533.8,3695.0,3784.2,3876.5,3966.7,4045.95,4197.0,4243.0,4470.0,4736.0,4874.0,4993.0,5085.0,5143.0,5375.0,5423.0,5693.0,5935.1,6203.2,6486.2
12,2021-02-13,1235.0,1259.0,1361.0,1460.0,1480.0,1553.0,1616.0,1746.0,1885.0,2030.0,2164.0,2249.0,2280.0,2369.0,2403.0,2492.0,2604.0,2715.0,2886.0,3022.0,3208.0,3460.0,3549.0
12,2021-02-20,1319.9,1396.0,1467.9,1545.9,1606.0,1665.0,1705.0,1736.0,1747.0,1757.0,1779.0,1796.0,1814.0,1817.0,1847.0,1864.0,1895.0,1938.0,2019.0,2107.0,2253.0,2500.0,2606.0
12,2021-02-27,1075.0,1141.8,1216.7,1292.8,1356.8,1412.8,1452.8,1489.7,1518.0,1544.0,1560.0,1597.0,1608.0,1655.0,1698.0,1777.0,1849.0,1904.6,1964.2,2044.3,2156.5,2291.2,2409.1
12,2021-03-06,1127.0,1192.9,1250.9,1311.8,1376.0,1416.0,1443.8,1480.0,1555.0,1619.0,1688.0,1747.0,1812.0,1878.0,1953.0,2002.0,2080.0,2186.0,2285.0,2379.0,2523.0,2792.0,2938.0
12,2021-03-13,1188.0,1213.0,1254.0,1308.0,1377.0,1441.0,1505.0,1550.0,1574.0,1581.0,1609.0,1666.0,1724.0,1781.0,1845.0,1907.0,1969.0,2043.0,2136.0,2255.0,2422.0,2560.0,2735.0
12,2021-03-20,1492.0,1600.0,1650.0,1719.0,1761.0,1823.0,1828.0,1863.0,1876.0,1914.0,1951.0,1988.5,2024.5,2070.8,2157.0,2243.0,2250.0,2297.0,2345.0,2389.0,2532.0,2676.0,2895.0
12,2021-03-27,2045.7,2254.7,2451.0,2617.9,2762.0,2941.0,3052.0,3148.0,3295.0,3431.0,3570.0,3706.0,3836.0,3970.0,4112.0,4267.0,4427.0,4605.0,4814.0,5081.0,5508.0,5816.0,6208.0
12,2021-04-03,2879.96088033273,3019.90479410426,3137.70167507574,3339.61478566154,3480.49850074732,3607.1875429188,3710.0,3842.0,3973.5,4103.0,4231.4,4372.5,4518.2,4665.4,4806.2,4968.3,5143.0,5341.0,5561.5,5845.0,6191.5,6455.5,6705.5
12,2021-04-10,2290.14420689497,2400.11659837982,2547.99169244318,2806.48287809154,2979.28886597866,3076.90358562674,3140.8458311993,3206.5,3267.5,3354.0,3431.0,3479.5,3564.5,3649.5,3732.0,3794.5,3938.0,4025.0,4215.0,4346.65,4614.0,4939.0,5130.0
12,2021-04-17,1975.0,2105.9,2299.8,2460.7,2564.0,2654.0,2738.0,2871.0,2960.3,3039.0,3134.6,3215.5,3310.9,3394.2,3495.7,3607.0,3731.0,3858.0,4003.0,4245.0,4447.0,4701.6,5120.0
12,2021-04-24,2674.0,2714.0,2786.0,3051.0,3337.0,3444.0,3510.0,3542.0,3593.0,3691.0,3722.0,3775.0,3851.0,3985.0,4053.0,4152.0,4291.0,4435.0,4637.0,4956.1,5315.6,5660.4,5992.4
12,2021-05-01,1838.3108726477,1965.8907746328,2094.0,2307.0,2442.7,2570.2,2713.5,2807.7,2920.3,3020.0,3116.13745051271,3180.75799148669,3240.13896681737,3309.78388433107,3386.01021126199,3490.20503871206,3569.50309416625,3667.62374230486,3787.21013228648,3916.15684511623,4136.32757143508,4242.71600244542,4451.14774079493
12,2021-05-08,1705.52463003955,1788.35969226284,1868.94435313582,1979.437523574,2055.68190746738,2111.22825159654,2201.0,2282.74489367804,2311.73504052491,2361.99265724784,2411.61588370721,2474.04107040235,2528.28682330914,2585.43621658154,2658.61186995131,2721.10609828649,2781.51789045869,2871.92420657726,2959.21874602885,3089.44828860678,3297.83392947119,3490.30162548212,3710.84638108881
12,2021-05-15,1272.0,1373.0,1418.0,1467.0,1520.0,1590.8,1669.8,1728.7,1790.0,1854.6,1912.5,1976.0,2046.4,2094.0,2140.35,2196.0,2245.25,2322.2,2403.3,2540.6,2702.65,2849.3,3068.27
12,2021-05-22,779.0,830.9,865.0,914.0,954.0,986.0,1023.0,1054.7,1083.0,1114.0,1138.0,1177.0,1207.0,1236.4,1266.7,1311.0,1352.0,1404.2,1450.5,1532.4,1635.0,1743.3,1859.19
12,2021-05-29,596.9,661.975,714.9,750.0,797.7,833.6,866.75,894.4,922.0,948.0,980.0,1012.5,1041.0,1072.0,1099.0,1139.0,1177.0,1223.8,1260.0,1310.0,1380.0,1462.0,1686.0
12,2021-06-05,226.0,229.0,238.0,250.0,266.0,277.0,287.0,300.0,311.0,323.0,336.0,350.0,359.0,372.0,384.0,400.0,417.0,434.0,454.0,473.0,502.0,555.025,627.01
12,2021-06-12,114.985,130.475,146.425,165.45,178.925,190.5,197.875,207.35,216.825,225.5,234.275,252.259315223149,278.5,288.2,296.5,310.0,325.625,347.7,373.175,401.05,458.15,505.5125,547.05
12,2021-06-19,44.5,55.5,63.5,69.0,73.925,78.5,82.5,87.5,91.5,95.0,98.5,102.5,105.0,129.5,134.5,140.5,147.5,156.0,167.5,181.1,199.0,217.0,243.5
12,2021-06-26,9.5,10.0,10.5,15.5,19.5,23.0,25.0,26.5,30.0,32.0,33.5,35.0,36.5,50.5,54.5,58.0,62.0,67.0,73.575,80.55,95.525,110.5,126.515
12,2021-07-03,4.5,5.5,7.5,9.5,13.5,16.5,17.5,18.5,19.5,21.0,22.0,24.0,25.0,27.0,39.0,41.0,44.5,47.5,51.0,55.0,61.5,72.0,81.5
12,2021-07-10,9.495,17.0,18.5,21.5,23.5,26.4,28.5,31.0,33.5,36.0,38.5,41.5,57.5,61.0,65.0,68.5,72.625,78.5,85.0,95.05,111.5,129.5,138.5
12,2021-07-17,36.99,54.0,65.0,68.0,71.0,75.0,77.0,82.0,90.0,95.0,102.0,110.0,123.0,126.0,135.0,146.3,157.0,168.0,185.15,209.1,243.05,263.05,281.01
12,2021-07-24,75.0,79.0,84.0,93.0,103.0,112.0,121.0,131.0,135.0,139.0,141.0,144.0,164.0,201.709938612216,212.839957075269,226.674052142212,240.578774034689,254.808544694939,277.188016033852,307.430310939961,339.97300342318,360.622430379953,396.177929889448
12,2021-07-31,48.86369241423,53.2415970885852,59.0,68.0,77.0,83.6229299316274,90.9354537926042,98.0,101.0,102.0,105.0,127.062139125415,134.748459626596,144.676107630216,156.045423314634,169.337861569717,186.532514366558,202.20346673912,219.866087136672,242.144409522665,281.903897045549,313.092816835506,360.0
12,2021-08-07,105.0,110.0,120.0,134.0,147.0,161.0,175.0,188.0,223.0,236.277914810326,244.380644020354,259.96526024956,272.180223078291,311.0,331.0,344.0,371.0,407.0,451.0,487.0,519.0,550.0,600.0
12,2021-08-14,167.0,235.0,237.0,291.815479839074,310.501660962962,326.5833327392,341.964544510534,356.35030173056,372.924803319104,386.558479147052,401.837885104345,418.540310500805,430.659784926473,446.88167401535,491.0,519.0,546.0,598.0,652.0,728.0,814.0,892.0,931.0
12,2021-08-21,370.0,454.0,550.354630439178,585.36656090688,615.056958441141,642.570804068138,663.0,678.0,691.0,705.0,716.0,758.785095823786,779.749685447614,798.32687706765,824.721980301946,853.431039874053,886.137816914124,936.0,974.0,1091.0,1299.0,1380.0,1595.0
12,2021-08-28,474.0,518.0,573.0,650.355502331471,692.709426411325,725.024301441105,751.815162775094,773.785280500092,778.0,790.0,796.0,829.0,871.0,908.74919762891,939.533495148582,968.504980523713,1010.0,1073.0,1172.0,1273.0,1380.0,1455.0,1505.0
12,2021-09-04,398.0,429.0,454.0,485.0,506.0,557.0,583.0,586.0,599.0,639.0,662.0,676.0,732.0,794.0,848.0,889.039375228532,921.649316227565,962.958922108068,1084.0,1153.0,1203.0,1551.0,1640.0
12,2021-09-11,761.974474674471,780.0,809.0,863.0,915.0,959.0,1004.0,1044.0,1085.0,1136.0,1173.0,1204.0,1229.0,1272.74602649313,1304.0,1339.0,1357.0,1376.0,1404.0,1510.0,1673.0,1815.0,1918.77453701974
12,2021-09-18,857.464962533933,911.39965023363,982.040046258332,1054.0,1100.0,1107.0,1135.0,1180.0,1192.0,1222.0,1319.0,1367.38192546958,1389.0,1426.0,1434.0,1446.0,1523.0,1607.72629123243,1667.60399552431,1767.0,1927.0,2018.0,2177.96006539101
12,2021-09-25,695.989529201042,730.02304536918,820.0,992.0,1008.0,1012.0,1015.0,1044.0,1091.0,1181.0,1213.0,1219.0,1302.0,1309.0,1371.0,1399.0,1416.0,1475.0,1560.0,1668.0,1827.0,1909.0,1937.0
12,2021-10-02,484.0,631.0,648.0,684.0,719.0,751.0,772.0,784.0,805.0,845.0,884.0,921.813924470652,940.247263591097,968.873283493602,998.554375291218,1025.85397638011,1053.35620057006,1090.21884955589,1140.02591576895,1200.81391478967,1306.56156901749,1395.96737300239,1514.75826711295
12,2021-10-09,675.158359701271,726.750409231639,772.0,802.0,866.0,872.0,891.0,908.0,936.0,954.0,992.0,1039.0,1093.0,1149.0,1206.0,1266.0,1303.30397163124,1347.78779035838,1409.0,1465.0,1603.0,1639.0,1714.0
12,2021-10-16,977.0,1047.0,1130.0,1189.8,1248.55,1295.0,1333.0,1377.0,1424.0,1466.0,1513.0,1545.0,1579.0,1623.0,1644.0,1668.0,1726.0,1803.0,1892.0,2005.0,2172.0,2317.0,2485.0
12,2021-10-23,1028.89,1136.8,1212.0,1305.0,1379.85,1453.0,1501.5,1547.0,1582.0,1617.0,1651.0,1689.0,1725.0,1759.0,1799.0,1837.0,1876.0,1927.0,1980.0,2045.0,2202.0,2347.0,2515.0
12,2021-10-30,1709.0,1859.5,1986.5,2146.5,2253.5,2341.5,2442.5,2538.5,2647.5,2740.0,2835.5,2930.0,3004.5,3133.5,3301.0,3473.14900956147,3573.01208496998,3667.19986151315,3787.2340689117,3929.30718870441,4186.20917665036,4432.72507848063,4712.16748468214
12,2021-11-06,2673.795,2837.9125,2985.375,3174.0,3608.7,3776.4,3872.375,4070.05,4153.5,4303.9,4480.375,4546.5,4688.225,4908.5,5037.0,5295.65,5504.25,5887.7,6164.15,6404.5,6806.425,7218.6125,7578.06
12,2021-11-13,6767.0,6871.0,7094.0,7931.0,8447.0,8664.0,8752.0,8945.0,9084.0,9283.0,9528.0,9798.0,10140.0,10458.0,10848.0,11243.0,11488.0,11710.6,11957.3,12339.5,12822.05,13395.0,14347.0
12,2021-11-20,11053.145,11384.4375,11676.075,11997.35,12263.6,12380.7,12545.55,12647.4,12723.95,12866.9,12951.325,13025.6,13141.0,13238.2,13328.425,13454.4,13587.85,13728.5,13923.175,14147.8,14389.775,14797.0125,15055.935
12,2021-11-27,17712.76,18128.925,18394.175,18760.8,19033.8,19163.05,19327.95,19471.55,19588.125,19762.4,19858.55,19979.95,20113.125,20200.7,20311.475,20469.7,20649.775,20802.7,21034.925,21284.15,21598.375,22019.35,22576.205
12,2021-12-04,20108.985,20598.4875,20980.35,21368.0,21602.175,21776.0,21942.0,22080.95,22196.0,22305.2,22438.1,22564.25,22692.675,22829.4,22964.725,23120.2,23288.75,23443.8,23638.45,23907.5,24312.175,24586.1,24997.815
12,2021-12-11,15188.38,15471.4625,15701.5,16150.5,16474.0,16762.7,17024.875,17270.15,17464.425,17623.8,17830.55,18036.75,18214.45,18405.25,18479.275,18605.75,18737.35,18890.4,19070.175,19296.5,19562.575,20036.975,20458.78
13,2021-01-16,1420.9,1620.8,1666.0,1746.0,1837.0,1950.0,2043.0,2133.0,2210.0,2288.0,2359.0,2436.0,2469.45,2490.0,2605.0,2635.0,2719.0,2744.0,2850.0,3005.0,3178.0,3293.0,3589.0
13,2021-01-23,1240.0,1419.0,1577.0,1745.0,1857.0,1915.31413340043,1976.8,2052.7,2133.9,2223.0,2284.0,2343.0,2400.0,2461.0,2527.0,2594.0,2663.0,2742.0,2833.0,2951.0,3109.0,3253.0,3435.0
13,2021-01-30,1230.63541465761,1279.83763191,1409.0,1468.0,1543.0,1620.0,1674.0,1728.0,1788.0,1842.0,1892.0,1961.0,2010.0,2061.0,2122.0,2174.0,2231.0,2314.0,2360.0,2430.0,2619.0,2821.0,2996.0
13,2021-02-06,999.0,1026.82927005469,1062.90580131503,1123.50679815019,1175.06419251619,1208.17485040293,1239.87268046845,1280.0,1315.0,1352.0,1388.0,1427.0,1493.5,1553.4,1608.4,1671.3,1733.8,1809.0,1877.2,1988.4,2099.0,2190.0,2315.0
13,2021-02-13,701.0,909.0,927.0,960.0,994.0,1022.0,1053.0,1092.0,1133.0,1178.0,1213.7,1259.0,1309.5,1371.0,1424.0,1478.0,1515.0,1581.91259116298,1627.73830950211,1680.41679068103,1776.48405390227,1860.36810875252,1984.0
13,2021-02-20,371.9,454.8,529.0,727.0,828.0,861.704135051734,881.868407068571,904.0,922.0,953.581157394307,971.0,1008.0,1025.0,1045.0,1061.0,1097.0,1152.0,1191.0,1228.0,1267.0,1323.0,1380.25550327683,1448.0481444369
13,2021-02-27,503.0,589.0,679.0,895.0,925.0,951.0,981.0,1007.0,1032.0,1055.0,1082.0,1110.0,1136.0,1168.0,1198.0,1234.0,1277.0,1318.0,1410.3,1523.0,1563.0,1606.0,1620.0
13,2021-03-06,682.0,740.9,803.0,896.0,945.0,961.0,1090.40371372986,1122.64531188618,1148.00891113585,1172.84424630031,1208.09130671142,1239.62900867925,1270.70344906775,1300.82107815239,1333.04965751278,1364.16568867856,1418.78801382218,1423.0,1504.68469462725,1574.13822737651,1664.13836002139,1723.0,1748.0
13,2021-03-13,811.9,885.812562664326,929.506990434871,992.706300017504,1034.44633535392,1070.68599765622,1094.8934923392,1125.26798246036,1148.20530673167,1173.79116217589,1205.42234101222,1232.25097931188,1255.29902506122,1287.02978198035,1320.50487451136,1351.78113418191,1387.12393079427,1424.01678307791,1481.66410275948,1553.21615023918,1644.0,1685.0,1716.0
13,2021-03-20,773.0,845.0,895.0,924.0,955.0,982.0,1003.0,1025.0,1044.0,1067.0,1091.0,1125.0,1147.0,1165.0,1201.0,1230.0,1259.0,1263.0,1303.0,1337.0,1410.0,1435.0,1565.0
13,2021-03-27,804.0,879.9,947.0,1034.9,1106.7,1154.6,1191.8,1235.0,1287.0,1332.0,1379.0,1429.0,1460.0,1495.0,1527.0,1591.0,1630.0,1693.73442157419,1752.22832434738,1822.48017461927,1929.85136681522,2049.00833924227,2208.99786332453
13,2021-04-03,1395.41796395438,1526.94029032894,1647.28301802628,1802.81429594519,1913.00132977944,1985.5,2033.75126635586,2073.24836216061,2116.89714795881,2153.21312452796,2186.89907245558,2222.3080458385,2271.51015823451,2332.36649845723,2410.96340764354,2464.92756776131,2574.75,2666.4,2758.55,2933.1,3134.7,3362.49706640062,3592.68878428848
13,2021-04-10,844.308298389758,926.396204754504,1028.85,1158.472236883,1214.59988816293,1260.87437870221,1313.79594243787,1347.65068354884,1375.47047976455,1405.21606616543,1440.54650388675,1474.25733254199,1502.68925705882,1537.63944420845,1576.99725248526,1612.99437246905,1644.25352717915,1692.60376111619,1750.48438598714,1812.80585614799,1932.40321006881,2029.95219114737,2173.74545898092
13,2021-04-17,2116.0,2164.24027323356,2285.0,2343.0,2407.0,2463.0,2505.0,2554.0,2601.0,2642.0,2691.0,2741.0,2796.0,2852.0,2908.0,2965.0,3027.0,3282.0,3408.0,3636.08386434531,3786.63777725121,3901.66608866996,4053.42770781189
13,2021-04-24,1965.85519960956,2065.20550349467,2183.68993997987,2290.0,2455.0,2519.0,2573.0,2638.0,2685.0,2742.0,2795.0,2852.0,2898.0,2948.0,3000.0,3044.0,3109.0,3200.4,3365.8,3553.5,3923.2,4134.12164211082,4300.41697369586
13,2021-05-01,1394.9,1485.0,1652.7,1713.89486613524,1788.0,1890.0,2160.0,2246.7,2311.0,2430.8,2508.0,2592.0,2670.0,2724.30546049344,2767.8728783288,2816.95440463043,2868.20956921727,2924.11470113311,2989.55453113277,3130.32575430896,3269.08455302456,3401.76260951354,3555.63610739627
13,2021-05-08,1090.0,1189.9,1287.9,1329.0,1370.0,1406.0,1479.0,1611.0,1696.0,1756.0,1868.0,1890.0,1957.0,1995.0,2048.0,2077.0,2102.0,2131.0,2186.0,2267.0,2511.88491212522,2581.18180339677,2773.92427833672
13,2021-05-15,801.9,854.0,870.0,901.0,935.0,955.0,1006.0,1040.0,1084.0,1149.0,1242.0,1334.64741257619,1357.68201996063,1383.80421972266,1408.80186124964,1443.2996362765,1472.93922216268,1509.0312302324,1557.31633664335,1609.83768340781,1689.77001163611,1780.3086870702,1876.17763040179
13,2021-05-22,410.0,454.0,495.0,568.8,619.0,657.0,693.0,715.81867091195,731.194463084959,746.997839221291,763.555031971743,778.280061178721,793.642716322892,814.79904183315,831.891442901722,846.516358610105,870.279689113883,898.698652652941,935.949835917123,982.366355412515,1048.72196641689,1110.15142979956,1165.62190662059
13,2021-05-29,260.0,294.0,324.0,343.0,363.0,405.0,434.0,450.7,466.0,483.0,504.0,523.0,542.5,561.4,582.7,607.0,633.0,663.2,693.2,712.0,749.0,801.0,820.0
13,2021-06-05,112.0,113.0,118.0,124.0,129.0,142.0,154.773074990836,158.960972318945,163.67254870429,167.247972628969,172.113920259336,178.180048183553,183.460266458595,188.247800087987,192.16555906585,199.866323524972,207.117108712108,215.143086080436,225.58983519103,243.11458588096,271.405246671532,292.127110817503,309.423136332486
13,2021-06-12,49.4059080244786,53.0580073342129,56.3887429399178,60.8382677694429,64.5784248837103,75.1448575145886,82.003413599571,86.1185594575083,89.6093261503152,93.2632523381563,95.486964213386,100.638267757847,104.828988068856,109.536933269099,114.566557646046,118.789571347477,126.894785678154,134.539540463374,142.515843982282,151.381564253746,168.661855947764,190.717993820658,229.581269865611
13,2021-06-19,22.5311693786819,27.5901881216795,30.4691996165828,35.9721505543445,39.5,41.5860230309252,44.1030850891633,45.9131317609884,48.5695314809375,50.3541129505223,52.7360753580242,54.4860753583756,57.0053394108636,59.4131316232107,69.9017687749245,74.6180376677804,80.6327923651369,87.2639249347149,92.5088528817466,97.9527849565111,108.272777655158,124.367719606721,138.675195682684
13,2021-06-26,5.80247191193562,7.74197743090952,8.60506274745078,9.74197753170203,10.8024717177926,11.8024717177926,13.8024717143771,15.241977597008,16.2419775311043,16.741977334184,20.0,23.5,25.0,26.5,27.3024721666928,29.6391371522901,31.1209890784499,34.7330876210449,37.6300631778313,42.5000002607747,52.0030252942814,60.9504936446029,69.530440765268
13,2021-07-03,4.49999999999994,5.99999999999994,7.49999999999994,9.49999999999994,11.4999999999999,12.9999999999999,14.5,15.5,16.5,18.0,19.5,20.5,24.5000000000002,26.5000000000001,28.9999999999999,31.5,34.0,36.1000000000005,39.5,43.5,50.5,56.5,64.0
13,2021-07-10,5.49266362807371,6.99882594379175,7.99876724096607,9.0000000000582,10.4976518875398,11.4976518875398,12.4976518875362,12.9976518875253,13.9976518875253,14.9988259437714,15.9988259438063,17.0035221687485,18.5,19.5046962250076,21.0035221687608,22.9999999999753,25.0011740562555,27.1011740562606,31.001174056225,37.0036395743474,45.5035808715261,51.0,62.5132653558393
13,2021-07-17,8.0,9.0,12.2678315750542,14.3555497434752,16.0,17.0,18.0,19.0,20.0,21.0,23.0,24.0,26.0,28.0,29.0,35.0,37.0,40.0,42.0000000000002,47.0,51.0,54.0,62.0
13,2021-07-24,22.7417329447511,26.6763384292248,30.5761358737813,36.828108450222,42.7786896200195,46.8710813377222,50.9785135555734,55.9871081336833,61.5855406653032,67.0,70.257837327325,74.5371611073207,81.0,96.0,110.0,114.0,117.0,122.0,128.706903996225,142.735998732035,164.219161703743,175.581498879234,191.332529100071
13,2021-07-31,33.0,45.0,50.0,55.0,69.0,70.0,75.0,80.0,84.0,88.0,89.0,99.0,117.606583926841,124.836368649183,132.642314217785,139.797894521538,149.607566649153,160.46723855577,175.741208716452,192.416841992028,226.234787594314,250.0,339.0
13,2021-08-07,85.0,91.0,123.0,135.0,145.0,154.0,158.0,168.0,170.0,173.0,180.0,192.0,198.0,215.0,237.0,259.0,282.0,296.0,306.0,322.0,347.0,371.0,410.0
13,2021-08-14,204.0,210.0,221.0,283.0,296.0,313.0,333.0,343.0,350.0,367.0,404.0,431.0,442.0,452.0,463.0,485.0,507.212100374279,525.57808148051,548.351431879239,580.686483031459,624.0,685.290947402406,736.215017692284
13,2021-08-21,262.841543678662,284.695121885335,329.0,356.0,383.0,416.0,424.0,446.0,497.0,513.0,519.0,526.0,538.0,555.0,560.0,574.892846066657,600.585841640296,631.418372580307,663.164661786901,708.869431121093,783.964399404131,847.34538323166,924.856814879101
13,2021-08-28,374.0,384.0,398.0,477.0,522.528029136554,550.831861934241,564.0,577.0,587.0,595.0,617.0,643.0,674.0,712.0,743.0,771.147597028822,793.626592880948,820.607175262922,856.330013835124,913.057473940968,990.894577532589,1045.34121657026,1149.4544186634
13,2021-09-04,336.0,342.0,359.0,387.0,411.0,432.0,454.0,480.0,502.0,526.0,545.0,562.0,596.0,620.0,652.0,681.0,709.899695938339,741.546567893294,773.582934924028,823.958100849565,893.238778915556,952.686685874704,1010.0
13,2021-09-11,399.021379169512,410.0,437.0,476.820317178659,507.03184971543,527.257503148927,544.575839139864,569.448089312211,591.889470153386,613.584251000715,632.649721453376,648.034018114721,661.0,671.0,684.0,709.0,738.0,753.0,753.0,786.0,838.0,883.0,952.0
13,2021-09-18,420.583341455654,452.689900313787,477.775824171922,516.069826238425,534.0,551.0,565.0,575.0,585.0,594.0,603.0,612.0,631.0,650.0,670.0,690.0,700.0,739.0,768.0,805.0,854.0,907.0,962.0
13,2021-09-25,268.984981837138,293.620278524347,308.18746118102,330.746645979185,348.430546899743,368.0,391.0,411.0,431.0,449.0,466.0,484.0,501.0,519.0,536.0,553.0,570.0,586.0,604.0,625.0,661.21929841943,690.465164000422,730.238862496729
13,2021-10-02,319.0,391.0,399.0,422.0,456.0,484.0,507.0,519.0,540.0,554.0,564.0,586.0,596.0,611.0,620.0,633.0,648.0,660.0,679.0,712.0,751.0,789.0,835.0
13,2021-10-09,701.276900813551,734.769971906309,769.568642192639,842.893149496008,904.407762313745,942.974382139897,979.484468953904,1002.24837845727,1032.17865175668,1057.0,1074.0,1105.0,1124.0,1140.0,1170.0,1204.0,1230.0,1265.0,1298.0,1340.0,1420.0,1475.0,1557.0
13,2021-10-16,572.0,617.0,684.0,712.0,741.0,766.0,785.0,809.0,821.0,834.0,840.0,856.0,873.0,897.0,909.0,925.289303608483,956.033525829815,989.013187864981,1027.09912527102,1065.0,1115.0,1201.0,1258.0
13,2021-10-23,659.0,721.0,753.0,783.0,814.0,836.0,863.0,888.0,909.0,933.0,951.0,977.0,999.0,1023.0,1044.0,1070.0,1101.0,1119.0,1153.0,1180.0,1249.0,1282.0,1333.0
13,2021-10-30,756.994512506041,813.966900230211,882.452360487517,952.087876231901,990.937101414125,1024.14307869469,1063.30747839049,1090.46401243442,1121.41041813077,1152.78528467696,1181.81468955566,1207.15125675575,1235.19075422691,1270.07826545616,1307.09680305123,1349.31868080201,1394.14611283557,1448.25875769071,1530.77246696666,1629.09839804123,1783.07829786728,1909.25051411447,2079.70712745045
13,2021-11-06,1419.44406500603,1494.93558719083,1547.98195363719,1615.88955067731,1673.92087795524,1718.33002560809,1754.82696794382,1788.59442637511,1822.14250316627,1858.58921411593,1886.98837444862,1918.80480045435,1948.48148211301,1980.2334151056,2017.12702148656,2119.79546161439,2191.99590901291,2272.76401424806,2366.61102292242,2580.69442891548,2727.54673233472,3012.71973982892,3218.31161311392
13,2021-11-13,2136.0,2158.0,2196.0,2332.0,2409.0,2509.0,2582.0,2660.0,2750.0,2823.0,2894.0,2969.0,3104.0,3194.0,3296.0,3369.0,3492.76314738016,3579.51702486935,3673.73765656075,3802.62342987259,4000.53298775331,4189.81103690537,4317.09550676565
13,2021-11-20,2894.47,2985.0,3064.25,3184.85,3244.925,3309.3,3359.375,3400.05,3437.15,3484.0,3520.85,3557.4,3601.3,3641.95,3676.575,3740.0,3800.45,3856.35,3963.2,4048.05,4188.5,4378.525,4558.065
13,2021-11-27,4726.93,4845.9,4978.425,5116.8,5221.7,5292.9,5362.875,5427.1,5480.875,5566.5,5609.375,5663.55,5725.1,5773.45,5827.2,5888.75,5969.375,6048.55,6172.25,6278.85,6477.325,6723.85,6978.5
13,2021-12-04,7652.33256399067,7836.02469021401,7966.91245687251,8160.28627827884,8331.66737037418,8436.27569453074,8548.60644808496,8612.07956046472,8687.9389980522,8755.66742786485,8808.26411471071,8872.15032252359,8940.1390165848,8995.79713282869,9049.6172382492,9128.42564071907,9204.01902102591,9290.20312012482,9423.42552932066,9559.37914127245,9752.80238991389,9964.02009003862,10186.6664206703
13,2021-12-11,7833.05,8020.85,8130.55,8272.75,8414.95,8476.5,8538.9,8572.1,8624.85,8684.5,8744.05,8831.55,8899.75,8975.1,9042.8,9162.4,9266.3,9395.3,9548.0,9734.4,10014.9,10392.05,10741.751564592
14,2021-01-16,10383.0,10527.0,11167.0,11649.0,12429.0,14431.0,15994.0,16221.0,16479.0,16840.0,17605.0,17936.0,18114.0,18518.0,18692.0,18954.0,19554.0,20205.0,20921.0,21895.5,22416.25,22766.325,23248.33
14,2021-01-23,6860.97,7376.0,7997.0,8700.0,9197.0,9513.0,9732.0,9969.0,10221.0,10408.0,10719.4,11222.0,11544.0,11802.0,12063.0,12367.0,12670.0,12988.0,13380.0,13889.0,14669.0,15322.0,16036.0
14,2021-01-30,3798.0,4714.0,4810.0,5017.0,5178.0,5303.0,5469.0,5588.0,5715.0,5859.0,6002.0,6146.0,6510.6,6953.4,7055.7,7164.0,7289.25,7464.0,7660.05,7923.8,8282.2,8544.425,8941.02
14,2021-02-06,3209.0,3242.0,3302.0,3389.0,3476.0,3564.0,3680.0,3805.0,3994.6,4263.2,4461.9,4789.0,4886.9,4971.4,5045.35,5157.9,5270.75,5364.8,5526.15,5698.6,5955.45,6247.125,6579.27
14,2021-02-13,2765.0,2807.0,2949.0,3034.0,3207.0,3242.0,3401.0,3474.0,3551.0,3622.0,3714.0,3779.0,3899.9,4187.4,4449.6,4531.0,4587.0,4840.0,4942.0,5017.0,5055.0,5416.0,5684.0
14,2021-02-20,1620.0,1716.0,1750.0,1818.0,1870.0,1922.0,1984.0,2084.0,2176.0,2260.0,2341.0,2492.0,2559.45,2648.0,2714.35,2778.9,2864.0,2969.0,3092.0,3259.0,3466.0,3687.0,3859.03
14,2021-02-27,2098.0,2191.0,2229.0,2331.0,2421.0,2501.0,2594.0,2664.0,2722.0,2792.0,2855.0,2960.0,2973.0,3026.0,3094.0,3108.0,3292.0,3597.0,3709.0,3858.0,4052.0,4215.0,4278.0
14,2021-03-06,1781.0,1926.0,2749.0,2966.0,3214.0,3457.0,3505.0,3651.0,3768.0,3797.0,3929.0,4102.0,4283.0,4475.0,4682.0,4877.9,5042.44727627975,5167.09503371744,5291.53388507307,5452.94200909886,5993.0,6135.0,6295.07528735853
14,2021-03-13,2123.9,2667.0,2902.0,3175.0,3282.0,3596.0,3619.0,3722.0,3869.0,4005.0,4150.0,4278.0,4367.90508276543,4457.04877638633,4519.19625239678,4592.37099095336,4685.71680519056,4907.0,5295.0,5609.0,6415.0,6658.0,6891.0
14,2021-03-20,2236.0,3176.0,3733.0,3907.0,4115.0,4399.0,4635.0,4858.0,5046.0,5240.0,5442.0,5644.0,5836.0,6031.0,6234.0,6456.0,6653.0,6883.0,7161.0,7435.30297145535,8087.0,8532.0,9009.0
14,2021-03-27,3928.4,4393.9,5003.7,5531.8,6033.4,6378.0,7288.0,7547.0,7618.0,7684.0,7825.0,8177.5,8509.9,8834.6,9186.0,9634.0,9962.0,10246.0,10588.0,10827.8640273996,11418.0,12022.0,12738.0
14,2021-04-03,7456.5,7708.5,8012.0,8306.5,8648.5,9025.0,9362.0,9701.0,9981.5,10267.0,10525.5,10801.0,11063.0,11381.0798001673,11692.8548391338,11995.4617539684,12294.5851441493,12747.4593116816,13132.171698109,13638.072097774,14159.7946596041,14999.4964956959,15847.4495950138
14,2021-04-10,5647.98126159747,5961.85,6205.75,6573.1,6970.5,7346.01105822241,7614.8235262714,7759.0,7985.5,8170.0,8428.0,8685.0,8835.5,9011.0,9405.5,9732.0,10098.5,10359.5,10875.9459961589,11104.0444318868,11657.3235002797,12102.2612972431,12720.8556819685
14,2021-04-17,6808.84976573824,7071.0,7214.0,7736.0,8045.0,8082.0,8332.0,8763.0,9460.0,9551.0,9783.0,9930.0,10280.865053893,10342.0,10503.0,10560.0,10734.0,11584.2753238799,11928.8550504282,12395.1613108114,13116.1569342955,13859.6724616611,14202.3919325975
14,2021-04-24,8759.0,8885.0,9057.0,9457.0,9773.0,10078.0,10320.0,10643.0,10928.0,11161.0,11380.0,11480.4333676961,11595.2584629391,11740.0,12106.0,12968.0,13290.0,13668.0,14139.0,14803.4,16171.3,17195.2,18693.7
14,2021-05-01,7809.4490827381,7969.57472368751,8133.23254789315,8393.43671443594,8594.77116004145,8713.68799633476,8852.62053774674,8982.13392380877,9075.14808288967,9164.2,9465.2,9833.0,10152.0,10313.0,10447.0,10616.0,11026.0,11085.0,11241.0,11477.0,12436.0,12782.8799796408,13468.8242891052
14,2021-05-08,7284.17741616695,7543.0,7682.0,7912.0,8074.0,8250.0,8934.0,9070.02358275341,9160.3866625393,9256.85265558699,9366.67672410925,9452.56235645154,9612.9,9929.0,10016.0,10330.0,10406.0,10464.0,11010.0,11358.0,11888.0,12120.0,12440.0
14,2021-05-15,5273.0,5331.0,5422.0,5583.0,5735.0,5845.0,6019.5,6245.0,6431.6,6653.0,7075.0,7149.55304592795,7249.2,7368.87435196501,7444.51926163329,7514.76096346813,7613.56247813691,7703.87323763885,7855.16305697542,8063.57250197988,8362.29270648628,8723.53574449401,9141.12652133628
14,2021-05-22,2534.8,2788.2,2958.3431289349,3057.183127475,3123.45912158502,3205.68125823565,3256.22496209242,3302.95991864875,3344.34483494249,3407.77830748293,3472.66499378654,3528.52770384924,3593.84410330717,3653.1445186045,3714.59349967347,3779.48018597707,3855.10970113889,3927.30151106607,4024.41668394431,4147.74435923659,4332.09130244351,4487.64746431042,4670.27555490003
14,2021-05-29,1865.0,2037.0,2145.0,2343.22064742439,2434.29738774186,2500.91260677045,2559.47771590346,2608.31151988773,2655.16152059359,2696.76739234083,2741.06565280428,2781.36413134816,2822.07489313111,2873.56261077507,2921.45576363236,2978.72000355765,3030.89674439212,3092.82087591127,3153.00054900034,3224.5026167164,3443.9379441311,3535.68544379549,3736.25984126449
14,2021-06-05,960.0,1012.9,1080.9,1227.17264547564,1253.0941994704,1283.81146947828,1311.53973537698,1340.02097660819,1367.74481441194,1391.01277597231,1413.9072239296,1436.74709957472,1468.82721725635,1497.58287612057,1524.43440094696,1550.57641853727,1587.20446654762,1616.8727192331,1659.18795759525,1719.61785537352,1822.70980065372,1893.5672388146,1997.28866755334
14,2021-06-12,501.914936712081,535.965690666488,582.493838192172,627.954990373666,667.043205291027,700.747894382932,731.627879141118,762.529041021949,791.940791464101,814.8,841.25,871.25,901.5,929.5,960.799327488195,1024.81042967804,1096.63303382874,1173.34144873394,1261.97891695106,1353.66204059546,1450.55,1538.55,1670.46870431642
14,2021-06-19,253.0,279.95,302.45,330.0,353.0,364.134787681581,370.93482214518,377.492331042212,383.888918418349,389.706188319258,395.055642524346,419.095610406474,458.153104677451,495.472981352452,498.787964682919,505.796053838462,514.962777944459,521.500764833739,536.133018065115,555.790595889345,581.936740861365,603.615070137564,631.504970120366
14,2021-06-26,89.0,92.5,95.5,100.5,104.5,107.478842717852,111.412746264078,115.393371090523,119.392447160045,123.502433902017,127.57422610948,131.720836858597,153.0,167.0,170.962786368793,177.887477388915,181.370434377765,188.099565804028,196.592118342901,206.809653708703,223.126427537811,241.197232305001,258.190102754614
14,2021-07-03,48.0,51.5,57.0,67.5,75.0,81.5,86.4,91.3906027357995,95.7608478849043,99.7858347809749,104.37278358039,108.952454429194,121.648955091737,128.009593881607,131.781108195394,136.276158357511,140.65470079951,148.395205673562,157.391636253598,167.030844660155,184.098663051011,197.386602914326,224.109100639481
14,2021-07-10,37.0,41.0,47.95,56.0,61.5,66.5,72.0,77.35,82.0,85.5,90.5,96.0,123.0,134.2,140.5,148.65,155.5,164.5,170.5,176.5,192.5,200.0,212.5
14,2021-07-17,38.5786655137775,42.3669058546676,47.7894947074825,55.1596278668931,60.8040521866293,66.3870682053235,69.8024320086095,73.9838311436755,79.141973049447,83.6226489712728,89.3234268562483,96.0,101.032352716559,107.529171338647,114.105744945973,119.0,122.0,123.0,129.0,139.0,150.0,158.0,162.0
14,2021-07-24,118.603657844036,130.459211796119,141.456950081152,157.456266102484,168.599822935266,177.342012001389,186.108119703686,194.958119681794,203.486186729015,211.806442813405,223.0,242.0,254.0,266.0,276.0,290.0,307.0,330.0,353.0,384.0,421.0,440.0,455.0
14,2021-07-31,91.0,99.0,108.0,113.0,118.0,123.0,125.0,142.0,175.0,196.0,212.0,252.0,271.02809799952,280.395800261346,293.729061886239,306.198244256327,358.0,390.0,450.0,479.0,576.0,604.0,624.0
14,2021-08-07,153.723091458467,172.087855741498,192.649961521781,211.222434446227,224.206757848516,249.0,265.0,276.0,296.0,310.0,315.0,333.0,348.0,359.0,394.0,425.0,442.0,480.0,506.0,547.0,588.0,616.0,633.0
14,2021-08-14,162.0,166.0,219.322682852978,225.0,264.004554317779,280.93895593447,295.002951876845,308.233558250974,322.882630527313,336.724112289154,354.0,425.0,478.0,507.0,519.0,546.0,565.0,606.0,670.0,742.0,792.0,849.0,930.0
14,2021-08-21,265.041232948526,279.0,295.0,318.0,349.0,403.327117732418,428.97330712583,448.720250112118,466.343156389086,495.0,527.0,560.0,585.0,620.0,669.0,726.0,787.0,847.0,892.0,905.0,924.0,973.0,1152.0
14,2021-08-28,476.98,538.0,613.0,662.0,742.0,773.0,860.0,919.0,994.0,1054.0,1109.0,1177.0,1196.0,1220.0,1243.0,1275.0,1364.0,1441.0,1490.0,1537.0,1659.0,1826.0,1893.0
14,2021-09-04,615.0,638.0,669.0,733.0,809.0,879.0,902.0,953.0,1006.0,1058.0,1122.0,1192.0,1261.0,1310.87336637351,1347.68439747617,1381.71946432412,1426.4328868877,1497.31571825079,1578.64329342984,1652.9602554347,1856.0,2115.0,2329.0
14,2021-09-11,957.0,989.0,1028.0,1290.0,1348.0,1394.0,1432.0,1465.0,1498.0,1528.0,1575.0,1655.0,1684.0,1748.0,1792.0,1916.0,2050.0,2185.0,2329.0,2467.0,2631.0,2926.0,3525.0
14,2021-09-18,1571.0,1605.0,1664.0,1783.0,1950.0,1991.0,2042.0,2201.0,2293.0,2366.0,2511.0,2596.0,2720.0,2815.0,2849.0,2895.0,2939.0,3092.0,3226.0,3414.0,3653.0,3829.0,3947.0
14,2021-09-25,1245.0,1285.0,1358.0,1395.0,1415.0,1435.0,1451.0,1465.0,1563.0,1670.0,1775.0,1877.0,1979.0,2084.0,2191.0,2304.0,2387.22641167466,2463.8235486939,2554.17644144998,2654.82263466358,2836.19800810692,3024.35255916671,3665.0
14,2021-10-02,1531.54770721255,1634.29275255056,1735.01912728608,1862.86217146356,1954.48556642962,2020.89551063452,2087.62811041639,2144.4189231622,2209.32165046721,2259.49853874526,2309.90997505429,2378.54480625865,2433.27789314688,2490.25475917677,2547.41521257473,2608.32592709869,2674.54854730717,2741.0,2803.0,2889.0,3009.0,3167.0,3354.0
14,2021-10-09,2307.0,2453.0,2620.0,2813.0,2943.0,3047.0,3136.0,3215.0,3329.0,3448.0,3583.0,3711.0,3841.0,3966.0,4097.0,4277.0,4453.0,4661.0,4897.0,5125.0,5458.0,5626.0,5773.0
14,2021-10-16,2948.0,3223.0,3676.0,3996.0,4088.0,4186.0,4267.0,4328.0,4390.0,4452.0,4506.0,4697.0,4871.0,5008.0,5205.0,5368.0,5565.0,5826.0,6115.0,6435.0,6850.73903186661,7069.20709394686,7295.0
14,2021-10-23,3895.0,4189.0,4449.0,4796.0,5348.0,5429.0,5638.0,6080.0,6246.0,6559.0,6667.0,6774.0,6938.0,7092.0,7232.0,7255.0,7394.0,7485.0,7784.0,8144.0,8751.0,9548.0,10098.0
14,2021-10-30,9991.58764000032,10329.091319922,10604.95736207,10891.9956802624,11115.9042458502,11276.8984100102,11421.8159426155,11536.7655330116,11640.5,11756.0,11843.5,11941.5,12053.5,12143.5,12267.5,12425.0,12566.0,12717.5,12963.1220964688,13370.4979198681,14089.5609743118,15387.6047263169,16817.5766222873
14,2021-11-06,13736.8012629025,14111.5521826826,15289.3794894665,15574.7100466679,15863.3029744058,16128.7535678969,16668.9655031654,17019.6666337366,17274.2423783799,17665.6950314495,18014.7705214261,18189.6099220413,18452.7983759679,18859.0739676968,19012.4581190471,19677.1888581383,20223.6028385283,20781.480048944,21793.0558465655,22748.5862690829,23963.3347680532,24826.1611469145,25993.6164569905
14,2021-11-13,19123.0,20599.0,21839.0,22997.0,23287.0,23483.0,25109.0,25618.0,25851.0,26608.0,27147.0,27696.0,28162.0,29260.0,29861.0,30080.0,30410.0,30965.0,34510.0,36236.893210715,36944.9068352745,37465.8065131464,38198.744440829
14,2021-11-20,38661.0,40018.0,41036.5,41719.2,42072.275,42345.4,42550.375,42766.85,42958.25,43195.3,43365.875,43539.75,43704.675,43896.1,44099.525,44314.15,44546.25,44782.9,45059.7,45472.1,45990.5,46440.275,46929.57
14,2021-11-27,49045.305,49660.5625,49978.75,50892.95,51917.9,52218.0,52485.5,52744.5,52978.325,53177.8,53370.775,53591.25,53780.45,53973.3,54178.35,54420.45,54633.75,54890.6,55235.9,55601.05,56209.6,56761.8125,57455.76
14,2021-12-04,68729.5,70676.0,72486.5,74722.5,75650.9,75866.05,76146.85,76359.6,76516.85,76760.85,76911.65,77028.75,77180.8,77301.7,77434.4,77634.1,77862.7,78027.95,78374.2,78716.2,79121.25,79792.55,80460.3
14,2021-12-11,57129.505,57677.15,57892.85,58292.3,58749.125,58887.25,59077.425,59158.85,59277.4,59424.85,59490.325,59605.75,59721.0,59779.05,59833.4,59969.45,60114.875,60257.25,60457.325,60714.1,61152.325,61528.525,61990.56
15,2021-01-16,4134.0,4657.6,5030.8,5483.7,5878.1169447156,5982.96634451617,6065.12288840876,6152.35832184738,6217.25256039426,6307.64945040915,6380.78939936905,6455.63068425035,6527.2161637935,6599.47876143044,6670.37679225361,6754.95325796237,6839.19666701181,6983.0,7266.0,7623.0,8112.0,8553.0,9008.0
15,2021-01-23,4219.60088357813,4384.16265077898,4997.0,5734.0,6245.0,6443.0,6608.0,6769.0,6901.0,7057.0,7210.0,7343.0,7506.0,7665.0,7815.1,8118.3,8481.8,8926.0,9377.0,9552.0,10108.0,10437.0,10603.0
15,2021-01-30,3717.0,4077.0,4391.0,4576.0,4710.0,4874.0,5016.0,5145.0,5265.0,5389.0,5509.0,5610.5,5703.9,5842.0,6015.0,6164.0,6407.3,6681.2,6922.0,7210.0,7701.0,7761.0,8127.0
15,2021-02-06,1941.9,2143.7,2299.6,2407.0,2495.0,2571.0,2775.0,2945.0,3103.0,3201.0,3255.0,3346.0,3561.0,3652.0,3908.0,3945.0,4151.0,4218.0,4248.0,4272.0,4528.0,4540.0,4689.0
15,2021-02-13,1401.0,1582.0,1783.0,1854.0,1915.0,2012.2,2162.5,2215.0,2288.0,2317.0,2399.0,2444.0,2477.0,2528.0,2578.0,2619.0,2713.0,2822.0,2909.0,3001.0,3099.0,3209.0,3325.0
15,2021-02-20,1106.0,1180.0,1209.0,1259.0,1309.0,1352.0,1448.5,1549.4,1623.3,1674.0,1688.0,1729.0,1772.0,1785.0,1834.0,1861.0,1898.0,1916.0,1962.0,2044.0,2153.0,2404.0,2764.14
15,2021-02-27,1332.0,1360.0,1395.0,1481.0,1545.0,1591.0,1651.0,1710.0,1781.0,1859.0,1931.0,2003.0,2076.0,2152.0,2232.0,2281.0,2342.0,2436.0,2554.0,2756.0,2957.0,3140.0,3514.8
15,2021-03-06,1480.0,1505.0,1536.0,1613.0,1686.0,1765.0,1832.0,1900.0,1968.0,2044.0,2111.0,2173.0,2246.0,2312.0,2345.0,2451.0,2543.0,2624.0,2734.0,2882.0,3048.0,3158.0,3319.0
15,2021-03-13,1152.9,1250.9,1493.0,1565.0,1642.7,1716.8,1791.8,1852.4,1928.0,1998.6,2063.0,2114.0,2170.4,2238.6,2304.4,2348.0,2416.0,2450.0,2531.0,2655.0,2800.0,2889.0,3064.0
15,2021-03-20,1416.9,1883.0,1979.0,2150.0,2171.0,2198.0,2283.0,2286.0,2345.7,2432.6,2500.6,2569.0,2654.8,2747.2,2834.4,2925.3,3031.0,3118.0,3225.3,3362.0,3575.0,3746.4,3884.0
15,2021-03-27,1622.7,1740.0,1972.0,2197.7,2366.1,2501.6,2616.5,2727.7,2826.6,2923.6,3033.6,3151.0,3247.0,3366.8,3509.7,3603.9,3776.0,3966.6,4175.3,4485.2,4879.9,5139.825,5372.24
15,2021-04-03,2714.5,2782.0,2990.0,3148.5,3232.5,3382.0,3468.4,3622.9,3763.3,3889.2,4036.0,4182.75,4367.55,4544.6,4739.85,4948.3,5103.20979749907,5276.08075238005,5482.90170726103,5689.4350676383,6040.46876288016,6256.27395845015,6477.50186952463
15,2021-04-10,2752.0,2849.0,3075.5,3327.0,3463.0,3622.5,3787.5,3888.35,4001.325,4113.5,4223.05,4331.75,4425.225,4541.7,4663.525,4780.5,4915.0,5068.3,5246.075,5406.13012235776,5641.96004692712,5836.62090222307,6187.07836164491
15,2021-04-17,2894.0,2963.0,3052.0,3206.0,3371.0,3508.0,3646.0,3796.0,3949.0,4099.0,4373.217188471,4453.29836449054,4531.71118267633,4596.7771381922,4735.0,4915.0,5131.0,5322.0,5554.0,5833.0,6169.0,6437.0,6516.0
15,2021-04-24,3101.0,3161.0,3268.0,3413.0,3670.0,3806.0,3898.0,4070.77809172846,4140.0,4247.0,4381.0,4513.0,4677.0,4828.0,4984.0,5177.0,5271.0,5455.0,5761.0,6015.0,6424.7,6970.1,7162.0
15,2021-05-01,3272.63571231648,3445.17919869095,3552.21163391264,3724.88270011434,3852.98904895528,3918.74000486835,3984.58011459034,4046.06738607725,4115.32681060358,4179.07921995958,4267.2,4480.5,4630.2677161242,4680.82236687173,4737.63616485466,4794.93143570185,4840.18988494249,4946.0,5006.0,5176.0,5268.0,5466.33318117753,5664.15415216754
15,2021-05-08,2511.53994953201,2591.36693221782,2711.71913773074,2844.41216616225,3030.0,3150.6,3302.8,3436.5,3586.0,3688.0,3802.6,3960.5,4083.9,4195.0,4332.0,4490.4,4566.0,4684.02085311141,4796.00080366091,4955.79921958019,5188.83857612915,5428.53620000809,5756.00189323663
15,2021-05-15,1617.26576519748,1711.51697676122,1800.75815714549,1888.74682973489,1949.49345778594,2000.84627737549,2042.80528850353,2091.0,2234.0,2335.0,2457.0,2614.0,2705.9,2781.4,2861.4,2943.6,3046.5,3134.77535102115,3197.67776799036,3299.63713828309,3428.0,3545.0,3586.0
15,2021-05-22,1028.84562956204,1114.89427159714,1182.76362306144,1256.69273804934,1318.36248009366,1352.95211057142,1387.74164281665,1417.26522400085,1452.93669082037,1481.61385320902,1518.38595729056,1544.95069955214,1576.39786141018,1604.12897929084,1628.9363801665,1662.43407883363,1706.09518242282,1768.05554010373,1834.95007312131,1890.90877763598,2026.49793226279,2161.27561023482,2293.13179125053
15,2021-05-29,617.0,624.108485893374,641.374081366858,666.567756394493,684.0,738.8,770.0,798.7,830.0,855.0,886.2,914.0,944.0,974.0,1016.4,1053.9,1092.2,1138.2,1181.0,1220.0,1254.0,1301.0,1437.0
15,2021-06-05,340.563012933247,373.463478542135,391.365003341564,415.0,429.0,439.0,449.0,460.0,470.0,484.0,505.0,521.5,540.0,557.8,574.050074526731,593.15869284696,609.127088382564,632.481358072866,659.554082739653,689.981536855658,754.959782468054,785.0,886.0
15,2021-06-12,207.644800126688,219.895910364421,232.330110001818,249.879707250792,264.955525838136,274.585683327424,283.946690392409,292.366563931793,300.374506413006,308.542163119163,321.781586717591,329.708376427506,337.945771683972,347.893182256505,358.871510331504,370.695116888191,386.498603776709,408.609042768918,435.55938345792,470.14332425944,515.168805303705,540.2,599.5
15,2021-06-19,86.0,94.5,101.5,108.5,117.5,125.5,133.0,139.0,144.3,150.5,158.0,164.0,189.360341545259,208.0,215.2,221.316472698458,225.082481638085,229.897153549247,235.363362739106,245.598355050639,258.728199498543,270.60085817854,292.442500230443
15,2021-06-26,26.6705868286803,29.5880022109657,32.9052979685163,36.9047528319103,45.0,47.5,49.0,51.0,52.5,54.0,55.5,60.0,69.0,72.5,75.0,77.0,80.0,83.711332117144,89.6867584290841,96.6455827548344,109.129065679226,123.249444315909,141.849494475217
15,2021-07-03,14.5,16.5,19.214508568139,22.4075093723802,24.3559310284642,26.4474117084497,28.0664055445079,29.7569087623027,31.0945321759366,32.936638024618,34.8662057527309,39.5,47.5,49.0,50.5,53.0,55.5,58.5,61.5,64.4714813038274,70.4162676398373,79.670049181677,88.138758590297
15,2021-07-10,3.0955594486981,5.19300797922909,6.69300797922589,8.00204442133965,9.28746755126601,10.3106719421884,10.9055404174601,12.0020443300252,12.6909636148366,13.1909635911284,14.4990801080435,21.1072884317817,22.554574203551,23.9271093670622,26.0222844548155,28.0764992580895,29.8719301071296,32.4061743175272,39.1224992073538,45.1393460338409,53.268658451002,58.7321004311171,67.8313405955854
15,2021-07-17,11.4427226486411,12.8951909685926,16.2169685890639,19.2347773719378,22.0670804525479,24.3023800081216,26.9233838956104,28.9431603682038,31.0,33.0,35.0,37.0,41.3684041913047,43.774257221626,47.1901990604856,51.0647708412671,55.0132303157413,59.3422257019883,63.9477641624041,70.1623669102302,80.8769841636694,91.8948771101691,101.326385598316
15,2021-07-24,23.473069713657,28.2993536660454,33.9452254744944,40.9745236459642,46.9752693911844,51.8664114390575,63.0,73.0,74.0,75.0,80.0621549040996,84.9377058392742,99.0,102.0,110.0,117.578862137463,127.982660482867,136.903728450172,146.679698501463,159.520188790919,181.0,191.0,199.0
15,2021-07-31,14.0,19.0,27.8898628222139,33.1734767537059,37.5921174750388,41.2203661485046,45.5386499771008,48.9019364517418,52.5645595091154,55.3970205399086,59.4774721172947,79.0,89.0,93.0,97.0,102.0,107.0,118.0,124.0,128.0,139.089057346009,162.272395777406,177.969866339616
15,2021-08-07,101.0,112.0,141.0,151.0,160.0,167.0,173.0,175.0,185.0,187.0,189.0,197.232214574183,205.695525247248,234.0,246.0,250.0,255.0,260.0,276.88956058355,299.833754890997,327.174927512826,347.089014478623,382.435836215133
15,2021-08-14,99.6798244518295,109.183791204005,119.943250155043,131.0,138.0,144.0,152.0,160.0,166.0,175.0,179.0,192.0,205.0,208.0,209.0,218.0,231.0,242.0,260.0,280.0,294.0,389.0,462.992899131566
15,2021-08-21,136.737190930687,145.0,152.0,166.0,199.015702619265,213.091930840761,224.466118558199,234.41420244655,243.624221000093,255.276375475448,266.823580191937,278.133219830912,299.0,321.0,331.0,336.0,351.145021392252,376.609521281251,400.237807515112,435.739229483425,480.746855298013,520.413728423408,553.470027782819
15,2021-08-28,231.0,235.0,246.564194600213,271.778494485126,297.279424631841,313.414978669077,327.120814353215,340.654552535124,357.96734353497,371.0,390.317793623553,406.0,420.0,443.035402484117,465.0,485.0,517.0,541.0,573.0,621.0,667.0,703.0,718.0
15,2021-09-04,188.0,194.0,201.0,216.0,230.0,240.0,251.0,294.0,312.0,334.0,355.0,382.0,401.15902719494,437.0,448.0,456.0,469.012737611132,493.0,533.0,559.701262639639,590.0,624.0,746.338165781284
15,2021-09-11,344.705342334728,404.0,418.0,448.0,472.0,498.0,519.0,542.0,571.0,592.0,616.0,637.0,659.0,689.0,717.0,736.0,745.0,791.0,841.0,876.0,955.469793605569,1033.0,1082.0
15,2021-09-18,475.0,554.0,578.0,604.0,644.0,667.0,691.0,711.0,734.0,755.0,776.0,797.0,814.0,836.0,850.0,870.0,899.0,948.0,965.0,996.0,1082.34435315567,1141.0,1245.0
15,2021-09-25,697.753966939146,775.532194700963,828.0,872.0,903.0,923.0,960.0,980.0,998.0,1023.0,1043.0,1058.0,1076.0,1100.0,1118.0,1144.0,1171.0,1202.0,1234.0,1300.0,1424.0,1532.0,1657.0
15,2021-10-02,415.0,456.0,465.0,542.0,568.0,608.0,628.0,663.0,714.0,750.0,783.0,821.0,863.0,928.0,953.0,969.0,984.0,1045.0,1060.0,1074.0,1134.0,1242.0,1262.0
15,2021-10-09,688.632025168838,723.450045181386,766.0,795.0,823.0,849.0,869.0,894.0,914.0,936.0,955.0,974.0,1001.0,1025.0,1050.0,1089.0,1135.0,1187.0,1247.0,1323.0,1436.0,1534.0,1647.0
15,2021-10-16,745.0,787.862571481542,859.969763905204,928.252572139664,976.00464503637,1024.17607071768,1074.33887856875,1107.0,1135.0,1155.0,1186.0,1206.0,1230.0,1255.0,1277.0,1304.0,1355.0,1413.0,1479.0,1563.0,1687.0,1795.0,1921.0
15,2021-10-23,1082.7308960952,1143.18471404944,1212.81165639106,1317.36275927754,1379.44065098159,1424.86602755108,1475.88416501814,1509.0,1538.0,1570.0,1598.0,1629.0,1661.0,1692.0,1738.0,1776.0,1807.0,1855.0,1914.0,1973.0,2281.0,2412.0,2571.0
15,2021-10-30,1778.41569195837,1907.32977314316,2013.80353835377,2151.05624025424,2246.08732123427,2314.59039601171,2508.9072636607,2619.658707547,2708.28410477082,2829.03745948259,2926.53748271361,2993.47809234403,3093.92324613737,3161.39263094725,3222.45460704582,3281.73209984338,3342.87942003497,3432.22674022702,3536.93382364669,3663.31294509026,3869.1599643431,4082.91777851444,4308.36828867896
15,2021-11-06,2418.31477759299,2544.01344860639,2653.62271644988,2791.89662474786,2913.64941345136,3063.88031876124,3138.40272675126,3258.72408363006,3399.78863164449,3490.82990957875,3621.97088477378,3774.97373302071,3825.74115068141,3924.1831074641,4044.95353265817,4225.53912129587,4306.95172676359,4403.79672048567,4529.83972169503,4692.78054284849,4950.54485126171,5186.85481889244,5516.52051725162
15,2021-11-13,4201.0,4277.0,4394.0,4715.0,5152.0,5299.75677432226,5416.19443026507,5513.8891089575,5605.57645751959,5768.0,5947.0,5998.0,6163.0,6259.0,6577.0,6790.0,6872.0,6983.0,7134.0,7326.0,7674.0,8003.0,8570.0
15,2021-11-20,8117.7,8354.25,8574.15,8797.55,9013.275,9097.45,9226.3,9309.6,9379.7,9491.15,9547.825,9612.3,9698.975,9754.25,9817.05,9921.6,10019.25,10098.9,10277.35,10411.75,10585.25,10903.45,11198.985
15,2021-11-27,15200.95,15408.4875,15649.95,15913.95,16089.125,16237.5,16338.0,16434.65,16532.3,16618.5,16729.6,16822.0,16929.725,17001.9,17101.925,17208.2,17322.5,17466.7,17633.1,17821.45,18102.6,18429.8625,18784.145
15,2021-12-04,20000.25,20307.5625,20579.5,20919.95,21158.925,21325.8,21487.775,21588.15,21694.7,21815.15,21897.025,21963.0,22069.675,22171.9,22249.9,22355.6,22509.2,22639.45,22848.075,23043.35,23302.75,23622.1875,24076.3
15,2021-12-11,21710.21,22216.6875,22773.0,23500.5,23855.5,24108.7,24236.75,24351.7,24460.65,24584.3,24697.275,24791.5,24895.225,25006.1,25108.175,25209.3,25359.625,25520.1,25699.525,25886.7,26176.825,26512.2125,26797.535
16,2021-01-16,6183.0,6313.0,6759.0,7064.0,7160.0,7433.0,7499.0,7536.0,7632.0,7771.0,7829.0,7884.0,8060.0,8316.0,8429.0,8532.0,8807.40792776551,8915.00133017413,9058.0760472642,9405.0,9569.52328028915,9959.0,10304.0
16,2021-01-23,4088.49461047006,4279.25927147989,4430.52864528368,4655.36799595334,4840.52673281972,4961.69676560857,5105.0,5329.0,5546.0,5748.0,5943.0,6051.0,6161.0,6282.0,6386.0,6737.8,7205.3,7487.0,7791.0,8154.0,8683.0,9117.0,9532.0
16,2021-01-30,2825.0236341966,3006.93221408069,3127.86668908614,3382.0,3565.0,3716.0,3849.0,3961.0,4069.0,4156.0,4229.0,4364.5,4473.0,4569.0,4663.0,4771.0,4890.0,5013.0,5164.0,5357.0,5640.0,5910.0,6168.0
16,2021-02-06,2185.0,2222.0,2279.0,2350.0,2413.0,2518.0,2611.0,2694.0,2774.0,2849.0,2924.0,3092.5,3263.0,3431.8,3630.0,3792.0,3891.43050937386,3988.18927356045,4131.85730154812,4332.63407101182,4580.35104923229,4776.22809398191,5067.34294541109
16,2021-02-13,1811.0,1897.0,1996.0,2193.0,2316.0,2430.0,2519.0,2595.0,2672.0,2742.0,2808.0,2871.0,2938.0,3015.0,3078.0,3151.0,3235.0,3323.0,3428.0,3558.0,3739.0,3907.0,4142.0
16,2021-02-20,1339.38613342498,1446.10010988331,1544.77042128228,1625.40118543336,1678.94536875689,1724.18973400648,1774.25432945058,1823.44173403644,1860.95312578989,1904.85461475615,1948.9540701542,1995.02604720031,2052.0,2095.0,2131.0,2184.0,2234.0,2295.0,2360.0,2451.0,2570.0,2716.0,2886.0
16,2021-02-27,2031.0,2171.0,2204.0,2225.0,2253.0,2299.0,2333.0,2374.0,2419.0,2475.0,2529.0,2563.0,2601.0,2695.0,2792.0,3055.0,3185.0,3306.0,3379.8,3938.0,4184.0,4284.0,4399.0
16,2021-03-06,2055.0,2132.0,2255.0,2331.0,2565.0,2625.0,2672.0,2767.0,2815.7,2928.0,3028.0,3108.0,3177.0,3315.0,3464.4,3562.14208819251,3642.73664672014,3750.01670478778,3912.44817917689,4083.17594132361,4383.52289870764,4691.80818941951,4901.54406371723
16,2021-03-13,1941.4,2258.1,2470.3,2695.0,2774.0,2847.0,2919.0,2984.0,3055.0,3116.0,3187.0,3248.0,3319.0,3377.0,3459.0,3545.0,3651.0,3735.0,4003.0,4265.0,4448.0,4855.54121219919,5091.93583123582
16,2021-03-20,2015.7,2149.6,2393.9,2649.9,2888.2,3045.8,3225.8,3393.0,3522.6,3624.0,3732.6,3899.0,4023.0,4158.8,4326.7,4460.2,4660.5,4820.0,5117.3,5435.2,5817.3,6111.0,6203.0
16,2021-03-27,3721.0,4443.0,4549.0,4761.0,4878.0,5166.0,5244.0,5342.0,5374.0,5452.0,5538.0,5624.0,5692.0,5824.2,6070.0,6336.8,6619.5,6912.4,7118.0,7354.0,7665.0,7831.0,7956.0
16,2021-04-03,3427.93103137234,3635.8946907785,4001.43053442231,4267.32365885828,4485.66858765055,4676.40533347251,4859.27316190825,5001.41317458164,5073.497368958,5223.15829014623,5372.81921133447,5535.5,5812.1,5994.2,6215.4,6428.65,6595.0,6675.0,6746.5,6935.0,7280.0,7577.0,7839.5
16,2021-04-10,3225.72010685743,3509.9082412843,3845.5,4012.0,4233.5,4392.82508644082,4556.18121667877,4719.39829843588,4864.24309355346,4967.61709000902,5078.41669205726,5176.84945042676,5244.67689812029,5386.70970299478,5561.41866416618,5681.65,5964.6,6174.12850971325,6313.32393551334,6536.65679181931,6977.82162930219,7324.96956135664,7749.47898922151
16,2021-04-17,3232.46327118271,3597.95034345603,3920.0,4034.0,4151.0,4247.0,4358.0,4663.0,4816.0,4938.0,5090.0,5258.0,5497.0,5679.0,5758.0,6027.0,6119.0,6397.0,6502.0,6740.0,7197.0,7670.37057040234,8176.5
16,2021-04-24,4286.0,4324.0,4394.0,4528.0,4643.0,4776.0,4891.0,4997.0,5090.0,5216.0,5317.0,5444.0,5510.0,5700.0,5952.0,6161.0,6372.8,6614.6,7004.1,7430.85912234216,7845.32516449944,8462.0,9149.0
16,2021-05-01,3125.48215853629,3288.76172935724,3426.31917600777,3596.86804278992,3723.80113380484,3905.4,4079.5,4313.7,4478.6,4620.6,4848.0,5027.90473534546,5157.0,5357.0,5508.0,5591.0,5675.0,5759.0,5868.0,6096.08716047682,6459.74201957338,6714.05336461309,7019.36611296197
16,2021-05-08,3558.77246700941,3675.8352891154,3863.59176266179,4068.42325430608,4204.22935732077,4312.0,4402.0,4503.0,4573.0,4655.0,4740.0,4891.0,4994.65500822804,5087.09973247425,5198.93992239485,5298.22359573574,5441.8,5655.2,5875.0,6337.2,6764.0,6982.0,7035.0
16,2021-05-15,2451.99,2608.7,2716.0,2812.0,2879.0,2958.0,3021.0,3093.0,3154.0,3212.0,3276.0,3368.0,3546.9,3717.4,3806.45,3886.3,3968.5,4058.0,4219.3,4352.4,4656.05,4875.075,5281.65
16,2021-05-22,1409.0155895735,1508.8,1635.0,1706.0,1751.0,1812.0,1858.0,1904.0,1944.0,1982.0,2027.0,2071.0,2119.0,2164.0,2213.0,2273.353449703,2350.6806470954,2431.46739186627,2538.19264595901,2641.81506567472,2812.27557577558,2966.03587660477,3108.74698127862
16,2021-05-29,1096.0,1114.0,1221.0,1336.9,1415.0,1467.6,1507.8,1560.0,1604.0,1649.6,1688.5,1733.5,1774.5,1822.4,1874.0,1919.9,1970.3,2042.0,2120.0,2225.0,2289.0,2368.0,2385.0
16,2021-06-05,529.0,534.0,543.0,559.0,583.642559173701,609.717838603326,630.657917725656,646.891828129179,660.536435169091,681.434455419033,700.486900194347,723.41461988536,742.695848328465,766.6610331018,786.728329709422,819.079570267359,857.857912872109,896.662891157747,929.199466561739,985.363635130391,1070.76885077925,1180.33278160607,1234.89600571421
16,2021-06-12,294.35537248454,316.896760806886,328.547813195241,348.956344766181,364.724257322574,378.388913970852,392.914714746429,408.157184363938,419.590927849052,440.69481169087,474.338391381316,507.560032781691,541.054702136428,568.662902577635,584.494080793361,602.729898197859,621.237788596789,647.046633533028,670.655929527147,716.094378145594,767.371563135652,819.318625622853,895.309126209233
16,2021-06-19,162.0,172.5,184.295919188767,192.046156464885,197.850132445657,204.512672109846,211.450022844226,217.552685082056,223.715374260917,230.653546615685,250.612997908628,282.091866230761,298.328805845118,306.489099778504,315.500512722178,324.996787949643,333.683944528496,346.661541494769,366.84888144166,393.408551978827,439.442415317994,484.488026748798,531.666852979558
16,2021-06-26,54.5740262790948,68.5,70.5,72.5,75.0,76.5945263566282,79.9894079050271,83.1106323739906,87.3205284628001,89.8932815190982,94.1597883623981,114.513427975416,123.541728568691,127.840037577263,132.067103562588,136.045994070428,141.466735295757,149.050428127954,158.277785553739,169.623225356772,196.373318153111,207.649843154138,222.927410558287
16,2021-07-03,18.7065753256947,30.0,35.0,40.0,43.5,46.5,49.5,52.5,56.0,59.0,62.0,81.0,94.0,98.5,102.5,106.5,110.5,115.5,121.5,128.5,140.5,152.571227947251,181.425999844443
16,2021-07-10,17.0,20.5,27.0,31.0,33.5,36.5,38.5,41.35,44.5,47.5,49.5,56.5,57.5,59.0,60.5,63.5,66.0,70.0,75.0,80.5,93.5,105.0,116.5
16,2021-07-17,22.0,25.0,26.0,28.0,30.0,31.0,34.5039227412891,37.266884691711,40.9102038187934,44.0,46.0,47.0,47.0,49.0,51.0,53.0,55.0,57.0,60.0,61.0,67.0,92.0,99.0
16,2021-07-24,37.0,40.0,47.0,53.0,58.2128251250666,65.4369206055405,72.3508119905221,78.3795900329546,84.0288688623902,89.8600858275824,95.3986014279373,101.281761623678,128.0,134.0,139.0,145.0,152.0,160.0,172.798356409028,195.142580917404,230.404266925753,247.0,267.0
16,2021-07-31,50.8181691837696,60.3521133794061,67.2481333896978,79.124955837939,86.9697863706404,95.5949174223489,103.71535549161,112.804144892933,119.522377927181,129.039078764131,135.989392343922,145.342050190437,155.614677847308,165.39708770509,185.0,200.0,214.0,236.0,254.0,292.0,335.0,349.0,381.834398469722
16,2021-08-07,49.3859602889333,54.7376705839748,78.0,85.0,96.0,100.0,103.0,103.0,114.0,122.0,146.0,152.0,159.0,167.0,176.0,185.0,192.0,209.0,219.0,234.0,263.69805181935,292.0,357.184432055298
16,2021-08-14,46.4976130955474,55.5833086358478,64.1861070854175,78.0,95.0,100.0,106.0,111.0,116.498550100536,121.0,128.0,133.0,138.0,143.0,169.531099948854,182.320292157206,195.716826789617,213.206461670112,236.0,256.0,274.0,318.0,395.630967673186
16,2021-08-21,76.0394777879179,85.1967632532221,100.684860309527,116.607576107251,126.206134489616,136.403028870523,143.945064512286,155.366370654133,165.485586410915,174.867080229985,187.797326558498,202.0,212.417253691335,218.0,226.0,235.0,238.0,246.0,273.0,341.0,401.157886450436,450.165046082364,511.079368411626
16,2021-08-28,168.0,188.290602417704,234.0,253.0,267.0,285.0,299.0,317.061736758305,331.0,347.0,365.0,382.0,399.0,419.0,434.0,467.0,495.0,528.0,562.0,604.0,659.0,791.34656042801,855.343410939024
16,2021-09-04,303.0,388.0,515.0,622.0,646.0,665.0,687.0,695.0,702.0,712.0,723.0,774.0,791.0,807.0,812.0,822.0,842.0,869.0,931.0,1010.0,1128.0,1229.0,1341.0
16,2021-09-11,492.0,519.0,638.0,730.0,790.0,844.0,893.0,927.0,945.0,963.0,982.0,1004.0,1028.0,1029.0,1037.0,1047.0,1063.0,1089.0,1184.0,1220.0,1322.14186934052,1431.53464837238,1561.0
16,2021-09-18,592.72411061676,632.903601107462,739.0,922.0,1031.0,1121.0,1141.0,1163.0,1183.0,1201.0,1220.0,1240.0,1257.0,1277.0,1306.0,1332.0,1367.0,1426.0,1495.0,1582.0,1710.0,1927.39151347337,2082.51745197053
16,2021-09-25,820.0,987.0,1101.8,1177.9,1237.85,1291.8,1309.0,1317.0,1339.0,1378.0,1471.0,1509.0,1528.0,1601.0,1692.0,1728.0,1787.0,1883.2,1953.0,2019.0,2288.35,2384.0,2420.0
16,2021-10-02,1110.0,1152.0,1180.0,1281.0,1339.0,1344.0,1353.0,1365.0,1390.0,1402.0,1421.0,1436.0,1461.0,1468.0,1484.0,1493.0,1525.0,1563.0,1641.0,1781.0,1941.0,2178.0,2289.0
16,2021-10-09,1112.9,1239.85,1344.75,1442.0,1503.0,1574.0,1640.0,1711.0,1775.0,1832.0,1895.0,1960.0,2023.0,2098.0,2166.35,2240.0,2290.0,2366.0,2434.0,2512.0,2691.0,2831.0,2956.0
16,2021-10-16,1665.93,1835.0,1887.0,1997.0,2117.0,2295.0,2387.0,2552.8,2625.0,2676.0,2717.0,2828.0,2840.0,2906.0,2990.0,3118.6,3235.5,3292.0,3452.15,3577.0,3812.0,4027.0,4310.0
16,2021-10-23,2715.0,2855.0,2961.0,3103.0,3189.0,3285.0,3378.0,3444.0,3550.0,3656.0,3777.0,3905.0,4016.0,4114.0,4254.0,4388.0,4546.0,4698.0,4917.0,5149.0,5473.0,5626.0,5765.0
16,2021-10-30,4808.62,5025.4375,5229.275,5552.85,6160.5,6281.0,6528.0,6683.5,6791.5,6942.5,7096.0,7242.5,7441.0,7603.5,7774.0,7979.0,8165.5,8395.0,8646.5,8994.5,9591.425,10079.9625,10471.5
16,2021-11-06,6402.19,6591.5,6820.35,7346.05,7634.2,7886.8,8088.0,8304.2,8498.825,8702.7,9034.825,9339.0,9608.175,9777.6,9913.25,10352.65,10984.875,11212.3,11510.5,11990.5,12746.3,13162.7,14444.215
16,2021-11-13,9569.0,9724.0,9857.0,10011.0,10115.0,10197.0,10425.0,10765.0,11188.0,11449.0,11537.0,11671.0,11798.0,11992.0,12123.0,12327.0,12508.0,12743.0,13058.0,13446.0,14513.0,16364.375,17368.1
16,2021-11-20,11665.8,12014.15,12456.3,12910.85,13166.675,13262.9,13445.125,13553.3,13638.05,13793.25,13888.925,13987.65,14072.325,14175.25,14281.95,14405.5,14526.625,14631.9,14854.7,15080.0,15336.05,15744.2375,16130.35
16,2021-11-27,14258.15,14482.25,14617.55,14825.2,15011.7,15179.5,15333.375,15455.55,15569.325,15655.7,15765.15,15891.5,16004.475,16123.7,16242.5,16347.95,16459.0,16598.3,16797.0,17019.05,17424.775,17701.8375,17979.8
16,2021-12-04,20661.345,20983.1625,21337.45,22056.85,22539.7,22933.9,23337.5,23541.4,23688.95,23844.2,23949.125,24062.7,24190.1,24284.0,24407.85,24574.25,24742.775,24894.65,25140.225,25377.05,25736.575,26090.5,26641.025
16,2021-12-11,24241.45,24561.5,24774.875,25168.4,25523.85,25746.85,25975.375,26141.7,26287.7,26447.3,26560.225,26710.75,26836.775,26940.7,27075.525,27222.15,27438.45,27601.25,27822.95,28111.55,28531.075,29074.0625,29536.595
